# These monthly factors should be applied to total annual emission factors in
# combination with the Weekday factors supplied in Weekdayfactor.all.
# origin: EMEP/MSC-W based on GENEMIS data.
# Formate: CC SNAPsector  JAN    FEB    MAR    APR    MAY    JUN    JUL    AUG    SEP    OCT    NOV    DEC
 2  1  1.640  1.520  1.236  1.137  0.798  0.459  0.393  0.473  0.721  1.001  1.204  1.452
 3  1  1.094  1.123  0.952  0.928  0.951  1.001  0.852  0.733  0.928  1.151  1.220  1.084
 4  1  1.399  1.393  1.225  1.136  0.950  0.768  0.700  0.706  0.701  0.797  1.023  1.228
24  1  1.409  1.224  1.141  1.131  0.910  0.632  0.520  0.417  0.720  1.163  1.293  1.455
46  1  1.358  1.238  1.086  1.070  0.898  0.794  0.727  0.716  0.796  0.998  1.123  1.211
10  1  1.252  1.225  1.060  1.007  0.886  0.832  0.826  0.850  0.926  0.993  1.047  1.112
 6  1  1.522  1.298  1.136  1.072  0.872  0.670  0.516  0.588  0.735  0.892  1.205  1.511
43  1  1.545  1.403  1.234  1.100  0.784  0.578  0.541  0.553  0.669  0.967  1.219  1.432
22  1  0.995  0.722  0.808  0.929  0.943  1.081  1.163  1.014  1.003  1.124  1.067  1.126
 7  1  1.606  1.479  1.247  1.155  0.898  0.639  0.505  0.513  0.574  0.822  1.166  1.429
 8  1  2.139  1.934  1.271  1.143  0.776  0.277  0.261  0.306  0.341  0.607  1.199  1.804
11  1  1.034  1.037  0.991  0.947  0.930  0.998  1.045  1.048  0.971  0.986  1.024  0.991
12  1  1.565  1.432  1.154  1.006  0.763  0.608  0.570  0.602  0.715  0.974  1.225  1.413
14  1  1.070  1.078  0.944  1.045  1.027  0.932  1.026  0.962  0.874  1.021  1.053  0.973
45  1  1.344  1.247  1.138  1.059  0.874  0.753  0.727  0.747  0.795  0.954  1.115  1.262
16  1  1.094  1.123  0.952  0.928  0.951  1.001  0.852  0.733  0.928  1.151  1.220  1.084
44  1  1.665  1.497  1.292  1.124  0.731  0.473  0.430  0.437  0.594  0.975  1.281  1.533
17  1  1.099  1.082  1.053  1.032  0.944  0.897  0.876  0.888  0.940  1.034  1.084  1.079
18  1  1.745  1.532  1.326  1.254  0.783  0.374  0.336  0.330  0.548  0.893  1.251  1.659
19  1  1.216  1.146  1.064  1.027  0.912  0.846  0.824  0.827  0.875  1.000  1.101  1.170
20  1  0.870  0.513  0.619  0.893  1.056  1.152  1.203  1.163  1.142  1.177  1.081  1.091
21  1  1.197  1.174  1.097  1.081  1.002  0.907  0.878  0.874  0.820  0.889  1.002  1.090
23  1  1.428  1.319  1.239  1.208  0.981  0.670  0.446  0.434  0.663  1.000  1.239  1.398
48  1  1.095  1.162  1.104  1.070  0.927  0.845  0.901  0.928  0.960  1.019  1.013  0.987
47  1  1.462  1.320  1.139  1.096  0.863  0.694  0.628  0.620  0.737  0.990  1.161  1.312
42  1  1.331  1.236  1.104  1.064  0.896  0.769  0.731  0.715  0.802  0.986  1.129  1.252
27  1  1.202  1.125  1.241  1.114  0.833  0.912  0.899  0.750  0.872  0.957  0.947  1.155
51  1  1.093  1.161  1.103  1.069  0.928  0.846  0.902  0.930  0.961  1.020  1.013  0.985
15  1  1.088  1.091  1.055  1.022  0.923  0.903  0.938  0.906  0.948  1.058  1.045  1.029
 9  1  1.252  1.225  1.060  1.007  0.886  0.832  0.826  0.850  0.926  0.993  1.047  1.112
 1  1  1.331  1.236  1.104  1.064  0.896  0.769  0.731  0.715  0.802  0.986  1.129  1.252
40  1  1.331  1.236  1.104  1.064  0.896  0.769  0.731  0.715  0.802  0.986  1.129  1.252
50  1  1.093  1.161  1.103  1.069  0.928  0.846  0.902  0.930  0.961  1.020  1.013  0.985
49  1  1.093  1.161  1.103  1.069  0.928  0.846  0.902  0.930  0.961  1.020  1.013  0.985
41  1  1.331  1.236  1.104  1.064  0.896  0.769  0.731  0.715  0.802  0.986  1.129  1.252
52  1  1.093  1.161  1.103  1.069  0.928  0.846  0.902  0.930  0.961  1.020  1.013  0.985
 2  2  2.083  2.383  1.621  1.472  0.622  0.302  0.218  0.216  0.240  0.612  0.947  1.383
 3  2  1.848  1.909  1.872  1.522  0.686  0.597  0.194  0.203  0.301  0.772  0.893  1.269
 4  2  2.213  2.164  1.810  0.954  0.567  0.239  0.171  0.171  0.170  0.463  1.176  1.969
24  2  1.931  2.177  1.686  1.419  0.569  0.413  0.177  0.174  0.211  0.802  1.057  1.470
46  2  2.140  2.443  2.294  1.193  0.469  0.197  0.066  0.049  0.057  0.380  1.080  1.723
10  2  1.831  2.030  1.884  1.426  0.560  0.432  0.181  0.172  0.208  0.832  1.112  1.405
 6  2  1.664  1.878  1.950  1.438  0.747  0.584  0.241  0.152  0.208  0.748  1.147  1.308
43  2  2.237  2.225  1.696  0.923  0.332  0.194  0.178  0.178  0.179  0.457  1.359  2.117
22  2  2.541  2.736  1.467  0.945  0.746  0.330  0.318  0.314  0.322  0.319  0.631  1.442
 7  2  1.510  2.289  1.717  1.250  0.752  0.554  0.164  0.113  0.357  0.792  1.242  1.366
 8  2  2.132  2.404  1.611  1.497  0.690  0.292  0.261  0.261  0.286  0.537  0.851  1.281
11  2  1.967  2.358  1.978  0.995  0.368  0.368  0.365  0.363  0.369  0.365  0.540  2.040
12  2  2.034  2.096  1.778  1.118  0.462  0.215  0.182  0.181  0.182  0.651  1.246  1.922
14  2  1.620  1.545  1.548  1.402  1.022  0.850  0.330  0.283  0.537  0.826  0.950  1.131
45  2  2.140  2.443  2.294  1.193  0.469  0.197  0.066  0.049  0.057  0.380  1.080  1.723
16  2  1.848  1.909  1.872  1.521  0.686  0.596  0.192  0.205  0.301  0.772  0.897  1.268
44  2  2.140  2.443  2.294  1.193  0.469  0.197  0.066  0.049  0.057  0.380  1.080  1.723
17  2  1.776  1.853  1.995  1.468  0.781  0.614  0.209  0.191  0.258  0.742  0.941  1.232
18  2  1.632  2.019  1.966  1.254  0.666  0.430  0.195  0.109  0.376  0.808  1.203  1.416
19  2  2.140  2.443  2.294  1.193  0.469  0.197  0.066  0.049  0.057  0.380  1.080  1.723
20  2  2.048  2.697  1.312  0.911  0.964  0.499  0.502  0.494  0.506  0.492  0.620  1.072
21  2  2.237  2.225  1.696  0.923  0.332  0.194  0.178  0.178  0.179  0.457  1.359  2.117
23  2  1.567  2.120  1.962  1.356  0.700  0.483  0.202  0.117  0.240  0.744  1.198  1.395
48  2  2.662  2.879  2.026  0.788  0.178  0.030  0.027  0.027  0.027  0.394  0.853  2.217
47  2  2.662  2.879  2.026  0.788  0.178  0.030  0.027  0.027  0.027  0.394  0.853  2.217
42  2  2.016  2.239  1.862  1.210  0.585  0.377  0.203  0.182  0.245  0.584  0.995  1.584
27  2  1.672  1.563  1.716  1.460  0.879  0.754  0.326  0.220  0.524  0.837  0.940  1.153
51  2  2.016  2.239  1.862  1.210  0.585  0.377  0.203  0.182  0.245  0.584  0.995  1.584
15  2  2.155  2.331  1.930  1.106  0.482  0.370  0.373  0.368  0.374  0.439  0.498  1.649
 9  2  1.831  2.030  1.884  1.426  0.560  0.432  0.181  0.172  0.208  0.832  1.112  1.405
 1  2  2.016  2.239  1.862  1.210  0.585  0.377  0.203  0.182  0.245  0.584  0.995  1.584
40  2  2.016  2.239  1.862  1.210  0.585  0.377  0.203  0.182  0.245  0.584  0.995  1.584
50  2  2.016  2.239  1.862  1.210  0.585  0.377  0.203  0.182  0.245  0.584  0.995  1.584
49  2  2.016  2.239  1.862  1.210  0.585  0.377  0.203  0.182  0.245  0.584  0.995  1.584
41  2  2.016  2.239  1.862  1.210  0.585  0.377  0.203  0.182  0.245  0.584  0.995  1.584
52  2  2.016  2.239  1.862  1.210  0.585  0.377  0.203  0.182  0.245  0.584  0.995  1.584
 2  3  1.070  1.049  1.056  1.053  0.999  0.987  0.921  0.818  0.901  1.020  1.029  1.100
 3  3  1.040  1.087  1.121  1.078  0.992  1.007  0.856  0.777  0.949  1.041  1.026  1.037
 4  3  1.099  1.234  1.267  1.110  0.993  0.937  0.836  0.791  0.828  0.882  0.977  1.064
24  3  1.078  1.050  1.067  1.044  0.989  0.987  0.910  0.804  0.897  1.028  1.043  1.108
46  3  1.219  1.284  1.282  1.080  0.924  0.861  0.731  0.668  0.771  0.943  1.093  1.165
10  3  1.042  1.056  1.089  1.040  0.957  0.946  0.897  0.846  0.930  1.055  1.078  1.068
 6  3  1.043  1.076  1.127  1.045  0.961  0.974  0.837  0.821  0.959  1.025  1.087  1.056
43  3  1.127  1.220  1.174  1.041  0.960  0.893  0.852  0.853  0.878  0.932  1.028  1.059
22  3  1.076  1.129  1.087  1.042  1.028  1.019  0.964  0.757  0.786  1.013  1.064  1.043
 7  3  1.066  1.215  1.138  1.062  1.014  0.989  0.771  0.734  0.916  0.997  1.060  1.060
 8  3  1.064  1.117  1.084  1.069  1.015  0.997  0.939  0.811  0.863  1.010  1.023  1.019
11  3  1.044  1.073  1.074  1.018  0.988  0.976  0.939  0.887  0.870  0.971  1.055  1.109
12  3  1.143  1.187  1.099  1.002  0.945  0.925  0.871  0.845  0.880  0.926  1.051  1.139
14  3  1.024  1.007  1.062  1.026  0.997  1.016  0.963  0.858  0.942  1.029  1.034  1.042
45  3  1.219  1.284  1.282  1.080  0.924  0.861  0.731  0.668  0.771  0.943  1.093  1.165
16  3  1.041  1.071  1.070  1.052  1.014  1.030  0.967  0.846  0.889  1.000  1.002  1.023
44  3  1.219  1.284  1.282  1.080  0.924  0.861  0.731  0.668  0.771  0.943  1.093  1.165
17  3  1.058  1.048  1.073  1.041  1.001  0.996  0.906  0.842  0.920  1.015  1.041  1.063
18  3  1.075  1.185  1.193  1.020  0.924  0.917  0.786  0.760  0.956  1.035  1.092  1.074
19  3  1.219  1.284  1.282  1.080  0.924  0.861  0.731  0.668  0.771  0.943  1.093  1.165
20  3  1.036  1.057  1.043  1.055  1.037  0.997  0.995  0.859  0.869  1.000  1.033  1.023
21  3  1.127  1.220  1.174  1.041  0.960  0.893  0.852  0.853  0.878  0.932  1.028  1.059
23  3  1.074  1.161  1.146  1.071  1.015  0.979  0.742  0.698  0.929  1.025  1.086  1.091
48  3  1.295  1.327  1.233  1.060  0.924  0.804  0.714  0.663  0.724  0.926  1.073  1.278
47  3  1.295  1.327  1.233  1.060  0.924  0.804  0.714  0.663  0.724  0.926  1.073  1.278
42  3  1.112  1.161  1.151  1.056  0.974  0.940  0.849  0.776  0.858  0.983  1.053  1.100
27  3  1.000  1.048  1.122  1.062  0.975  0.990  0.942  0.882  0.939  1.016  1.026  1.003
51  3  1.295  1.327  1.233  1.060  0.924  0.804  0.714  0.663  0.724  0.926  1.073  1.278
15  3  1.033  1.102  1.136  1.093  1.045  1.004  0.970  0.733  0.778  1.028  1.034  1.052
 9  3  1.042  1.056  1.089  1.040  0.957  0.946  0.897  0.846  0.930  1.055  1.078  1.068
 1  3  1.112  1.161  1.151  1.056  0.974  0.940  0.849  0.776  0.858  0.983  1.053  1.100
40  3  1.112  1.161  1.151  1.056  0.974  0.940  0.849  0.776  0.858  0.983  1.053  1.100
50  3  1.295  1.327  1.233  1.060  0.924  0.804  0.714  0.663  0.724  0.926  1.073  1.278
49  3  1.295  1.327  1.233  1.060  0.924  0.804  0.714  0.663  0.724  0.926  1.073  1.278
41  3  1.112  1.161  1.151  1.056  0.974  0.940  0.849  0.776  0.858  0.983  1.053  1.100
52  3  1.295  1.327  1.233  1.060  0.924  0.804  0.714  0.663  0.724  0.926  1.073  1.278
 2  4  0.988  0.920  1.002  1.016  1.021  1.044  1.005  0.873  0.946  1.050  1.034  1.093
 3  4  0.959  1.019  1.073  1.053  1.014  1.047  0.904  0.805  0.996  1.073  1.049  1.013
 4  4  0.958  1.176  1.284  1.153  1.039  1.023  0.896  0.849  0.905  0.896  0.908  0.931
24  4  0.976  1.032  1.050  1.042  1.039  1.055  1.026  0.853  0.877  1.040  1.032  0.981
46  4  0.989  1.137  1.141  1.049  1.007  0.979  0.945  0.961  0.977  0.975  0.953  0.899
10  4  0.952  0.939  1.008  1.000  0.978  0.984  0.982  0.931  0.993  1.094  1.095  1.041
 6  4  0.953  0.967  1.037  1.005  0.975  1.020  0.877  0.909  1.058  1.070  1.103  1.028
43  4  0.989  1.137  1.141  1.049  1.007  0.979  0.945  0.961  0.977  0.975  0.953  0.899
22  4  0.973  1.032  1.058  1.030  1.036  1.087  1.067  0.785  0.799  1.051  1.086  0.999
 7  4  0.979  1.018  1.038  1.043  1.088  1.092  0.844  0.808  1.020  1.043  1.031  1.004
 8  4  0.976  1.032  1.050  1.042  1.039  1.055  1.026  0.853  0.877  1.040  1.032  0.981
11  4  0.948  0.958  0.987  0.974  0.995  1.043  1.036  0.975  0.932  1.036  1.080  1.033
12  4  0.989  1.137  1.141  1.049  1.007  0.979  0.945  0.961  0.977  0.975  0.953  0.899
14  4  0.973  0.953  1.031  1.007  0.993  1.040  1.011  0.874  0.959  1.055  1.054  1.047
45  4  0.989  1.137  1.141  1.049  1.007  0.979  0.945  0.961  0.977  0.975  0.953  0.899
16  4  0.959  0.992  0.995  1.013  1.050  1.083  1.079  0.908  0.909  1.014  1.005  0.992
44  4  0.989  1.137  1.141  1.049  1.007  0.979  0.945  0.961  0.977  0.975  0.953  0.899
17  4  0.992  0.962  0.984  1.007  1.027  1.034  0.973  0.896  0.965  1.043  1.058  1.058
18  4  1.005  1.025  1.032  1.044  1.079  1.070  0.769  0.730  1.028  1.081  1.090  1.058
19  4  1.082  1.015  1.012  1.036  0.965  0.917  0.924  0.962  0.957  0.995  1.048  1.087
20  4  0.983  0.985  1.025  1.058  1.046  1.032  1.044  0.857  0.871  1.039  1.051  1.010
21  4  0.989  1.137  1.141  1.049  1.007  0.979  0.945  0.961  0.977  0.975  0.953  0.899
23  4  1.005  1.025  1.032  1.044  1.079  1.070  0.769  0.730  1.028  1.081  1.090  1.058
48  4  0.988  0.920  1.002  1.016  1.021  1.044  1.005  0.873  0.946  1.050  1.034  1.093
47  4  0.989  1.137  1.141  1.049  1.007  0.979  0.945  0.961  0.977  0.975  0.953  0.899
42  4  0.977  1.035  1.071  1.043  1.025  1.027  0.966  0.874  0.938  1.029  1.026  0.992
27  4  0.913  0.993  1.088  1.041  0.982  1.018  1.000  0.929  0.971  1.044  1.044  0.979
51  4  0.948  1.029  1.100  1.091  1.073  1.060  1.055  0.738  0.778  1.077  1.053  1.000
15  4  0.948  1.029  1.100  1.091  1.073  1.060  1.055  0.738  0.778  1.077  1.053  1.000
 9  4  0.952  0.939  1.008  1.000  0.978  0.984  0.982  0.931  0.993  1.094  1.095  1.041
 1  4  0.977  1.035  1.071  1.043  1.025  1.027  0.966  0.874  0.938  1.029  1.026  0.992
40  4  0.977  1.035  1.071  1.043  1.025  1.027  0.966  0.874  0.938  1.029  1.026  0.992
50  4  0.948  1.029  1.100  1.091  1.073  1.060  1.055  0.738  0.778  1.077  1.053  1.000
49  4  0.948  1.029  1.100  1.091  1.073  1.060  1.055  0.738  0.778  1.077  1.053  1.000
41  4  0.977  1.035  1.071  1.043  1.025  1.027  0.966  0.874  0.938  1.029  1.026  0.992
52  4  0.948  1.029  1.100  1.091  1.073  1.060  1.055  0.738  0.778  1.077  1.053  1.000
 2  5  0.993  1.001  1.001  0.999  1.000  0.999  1.001  1.001  1.001  1.001  1.001  1.001
 3  5  0.993  1.001  1.001  0.999  1.000  0.999  1.001  1.001  1.001  1.001  1.001  1.001
 4  5  0.993  1.001  1.001  0.999  1.000  0.999  1.001  1.001  1.001  1.001  1.001  1.001
24  5  0.993  1.001  1.001  0.999  1.000  0.999  1.001  1.001  1.001  1.001  1.001  1.001
46  5  0.993  1.001  1.001  0.999  1.000  0.999  1.001  1.001  1.001  1.001  1.001  1.001
10  5  0.993  1.001  1.001  0.999  1.000  0.999  1.001  1.001  1.001  1.001  1.001  1.001
 6  5  0.993  1.001  1.001  0.999  1.000  0.999  1.001  1.001  1.001  1.001  1.001  1.001
43  5  0.993  1.001  1.001  0.999  1.000  0.999  1.001  1.001  1.001  1.001  1.001  1.001
22  5  0.993  1.001  1.001  0.999  1.000  0.999  1.001  1.001  1.001  1.001  1.001  1.001
 7  5  0.993  1.001  1.001  0.999  1.000  0.999  1.001  1.001  1.001  1.001  1.001  1.001
 8  5  0.993  1.001  1.001  0.999  1.000  0.999  1.001  1.001  1.001  1.001  1.001  1.001
11  5  0.993  1.001  1.001  0.999  1.000  0.999  1.001  1.001  1.001  1.001  1.001  1.001
12  5  0.993  1.001  1.001  0.999  1.000  0.999  1.001  1.001  1.001  1.001  1.001  1.001
14  5  0.993  1.001  1.001  0.999  1.000  0.999  1.001  1.001  1.001  1.001  1.001  1.001
45  5  0.993  1.001  1.001  0.999  1.000  0.999  1.001  1.001  1.001  1.001  1.001  1.001
16  5  0.993  1.001  1.001  0.999  1.000  0.999  1.001  1.001  1.001  1.001  1.001  1.001
44  5  0.993  1.001  1.001  0.999  1.000  0.999  1.001  1.001  1.001  1.001  1.001  1.001
17  5  0.993  1.001  1.001  0.999  1.000  0.999  1.001  1.001  1.001  1.001  1.001  1.001
18  5  0.993  1.001  1.001  0.999  1.000  0.999  1.001  1.001  1.001  1.001  1.001  1.001
19  5  0.993  1.001  1.001  0.999  1.000  0.999  1.001  1.001  1.001  1.001  1.001  1.001
20  5  0.993  1.001  1.001  0.999  1.000  0.999  1.001  1.001  1.001  1.001  1.001  1.001
21  5  0.993  1.001  1.001  0.999  1.000  0.999  1.001  1.001  1.001  1.001  1.001  1.001
23  5  0.993  1.001  1.001  0.999  1.000  0.999  1.001  1.001  1.001  1.001  1.001  1.001
48  5  0.993  1.001  1.001  0.999  1.000  0.999  1.001  1.001  1.001  1.001  1.001  1.001
47  5  0.993  1.001  1.001  0.999  1.000  0.999  1.001  1.001  1.001  1.001  1.001  1.001
42  5  0.993  1.001  1.001  0.999  1.000  0.999  1.001  1.001  1.001  1.001  1.001  1.001
27  5  0.993  1.001  1.001  0.999  1.000  0.999  1.001  1.001  1.001  1.001  1.001  1.001
51  5  0.993  1.001  1.001  0.999  1.000  0.999  1.001  1.001  1.001  1.001  1.001  1.001
15  5  0.993  1.001  1.001  0.999  1.000  0.999  1.001  1.001  1.001  1.001  1.001  1.001
 9  5  0.993  1.001  1.001  0.999  1.000  0.999  1.001  1.001  1.001  1.001  1.001  1.001
 1  5  0.993  1.001  1.001  0.999  1.000  0.999  1.001  1.001  1.001  1.001  1.001  1.001
40  5  0.993  1.001  1.001  0.999  1.000  0.999  1.001  1.001  1.001  1.001  1.001  1.001
50  5  0.993  1.001  1.001  0.999  1.000  0.999  1.001  1.001  1.001  1.001  1.001  1.001
49  5  0.993  1.001  1.001  0.999  1.000  0.999  1.001  1.001  1.001  1.001  1.001  1.001
41  5  0.993  1.001  1.001  0.999  1.000  0.999  1.001  1.001  1.001  1.001  1.001  1.001
52  5  0.993  1.001  1.001  0.999  1.000  0.999  1.001  1.001  1.001  1.001  1.001  1.001
 2  6  0.891  0.900  0.900  0.950  1.052  1.100  1.100  1.100  1.100  1.049  0.950  0.900
 3  6  0.948  1.010  1.068  1.057  1.017  1.052  0.901  0.814  0.992  1.072  1.072  1.004
 4  6  0.951  1.171  1.292  1.149  1.059  1.023  0.890  0.845  0.908  0.893  0.908  0.928
24  6  0.990  1.001  1.001  1.001  1.001  1.001  1.001  1.001  1.001  1.001  1.001  1.001
46  6  0.743  0.799  0.917  1.008  1.034  1.142  1.228  1.272  1.242  1.058  0.833  0.712
10  6  0.950  0.931  0.998  1.006  0.977  0.996  0.976  0.931  0.986  1.098  1.107  1.040
 6  6  0.951  0.966  1.033  1.026  0.987  1.025  0.876  0.906  1.051  1.062  1.096  1.023
43  6  0.743  0.799  0.917  1.008  1.034  1.142  1.228  1.272  1.242  1.058  0.833  0.712
22  6  0.968  1.027  1.052  1.035  1.033  1.091  1.070  0.792  0.795  1.056  1.086  0.997
 7  6  0.981  1.014  1.036  1.061  1.097  1.091  0.838  0.802  1.016  1.041  1.026  1.005
 8  6  0.963  1.026  1.042  1.046  1.047  1.062  1.030  0.852  0.871  1.037  1.047  0.980
11  6  0.950  0.954  0.992  0.977  1.003  1.037  1.042  0.979  0.927  1.030  1.082  1.026
12  6  0.877  0.838  0.848  0.849  0.967  1.123  1.122  1.109  1.108  1.079  1.068  1.001
14  6  0.964  0.944  1.023  1.026  0.997  1.051  1.004  0.885  0.951  1.046  1.056  1.050
45  6  0.743  0.799  0.917  1.008  1.034  1.142  1.228  1.272  1.242  1.058  0.833  0.712
16  6  0.951  0.985  0.991  1.021  1.056  1.087  1.085  0.912  0.906  1.011  1.007  0.986
44  6  0.743  0.799  0.917  1.008  1.034  1.142  1.228  1.272  1.242  1.058  0.833  0.712
17  6  0.989  0.961  0.982  1.021  1.036  1.036  0.969  0.891  0.961  1.042  1.056  1.056
18  6  0.944  1.034  1.066  1.002  0.958  1.022  0.860  0.853  1.077  1.097  1.092  1.004
19  6  0.743  0.799  0.917  1.008  1.034  1.142  1.228  1.272  1.242  1.058  0.833  0.712
20  6  0.970  0.981  1.017  1.051  1.051  1.046  1.041  0.861  0.866  1.042  1.051  1.020
21  6  0.743  0.799  0.917  1.008  1.034  1.142  1.228  1.272  1.242  1.058  0.833  0.712
23  6  1.007  1.022  1.028  1.058  1.083  1.088  0.767  0.726  1.023  1.074  1.083  1.052
48  6  0.587  0.754  0.916  1.153  1.339  1.367  1.368  1.325  1.143  0.854  0.649  0.532
47  6  0.587  0.754  0.916  1.153  1.339  1.367  1.368  1.325  1.143  0.854  0.649  0.532
42  6  0.878  0.928  0.995  1.031  1.051  1.097  1.065  1.011  1.040  1.033  0.968  0.902
27  6  0.919  0.990  1.079  1.053  0.993  1.023  0.997  0.922  0.973  1.038  1.038  0.976
51  6  0.878  0.928  0.995  1.031  1.051  1.097  1.065  1.011  1.040  1.033  0.968  0.902
15  6  0.947  1.023  1.098  1.097  1.077  1.063  1.052  0.743  0.777  1.072  1.053  1.001
 9  6  0.950  0.931  0.998  1.006  0.977  0.996  0.976  0.931  0.986  1.098  1.107  1.040
 1  6  0.878  0.928  0.995  1.031  1.051  1.097  1.065  1.011  1.040  1.033  0.968  0.902
40  6  0.878  0.928  0.995  1.031  1.051  1.097  1.065  1.011  1.040  1.033  0.968  0.902
50  6  0.878  0.928  0.995  1.031  1.051  1.097  1.065  1.011  1.040  1.033  0.968  0.902
49  6  0.878  0.928  0.995  1.031  1.051  1.097  1.065  1.011  1.040  1.033  0.968  0.902
41  6  0.878  0.928  0.995  1.031  1.051  1.097  1.065  1.011  1.040  1.033  0.968  0.902
52  6  0.878  0.928  0.995  1.031  1.051  1.097  1.065  1.011  1.040  1.033  0.968  0.902
 2  7  0.842  0.881  0.983  1.011  1.035  1.047  1.059  1.067  1.047  1.070  1.015  0.935
 3  7  0.863  0.907  0.989  1.017  1.038  1.039  1.032  1.032  1.039  1.072  1.018  0.950
 4  7  0.783  0.805  0.844  0.948  1.068  1.164  1.225  1.189  1.073  1.152  0.997  0.739
24  7  0.840  0.878  0.980  1.011  1.038  1.048  1.066  1.073  1.049  1.067  1.012  0.931
46  7  0.850  0.890  0.978  1.017  1.037  1.050  1.050  1.049  1.055  1.074  1.010  0.932
10  7  0.834  0.878  0.973  1.010  1.040  1.053  1.075  1.076  1.050  1.067  1.010  0.927
 6  7  0.827  0.871  0.961  1.001  1.041  1.059  1.080  1.098  1.053  1.070  1.008  0.923
43  7  1.027  1.043  0.957  0.997  1.008  1.014  1.001  0.971  0.967  1.018  1.034  0.969
22  7  0.832  0.877  0.983  1.013  1.024  1.051  1.067  1.068  1.058  1.073  1.019  0.927
 7  7  0.812  0.829  0.946  0.997  1.053  1.079  1.121  1.121  1.063  1.070  0.991  0.906
 8  7  0.840  0.880  0.987  1.009  1.032  1.045  1.059  1.070  1.041  1.071  1.019  0.939
11  7  0.840  0.887  0.977  1.006  1.021  1.052  1.059  1.058  1.052  1.090  1.029  0.924
12  7  0.848  0.887  0.976  1.007  1.036  1.046  1.055  1.069  1.051  1.070  1.009  0.938
14  7  0.825  0.885  0.984  1.011  1.031  1.054  1.074  1.065  1.038  1.072  1.023  0.930
45  7  1.023  1.043  0.963  1.003  1.014  1.018  1.001  0.967  0.963  1.015  1.029  0.966
16  7  0.816  0.862  0.964  1.004  1.042  1.059  1.102  1.104  1.053  1.062  1.007  0.916
44  7  1.023  1.046  0.971  1.009  1.018  1.021  0.996  0.959  0.959  1.012  1.027  0.965
17  7  0.833  0.881  0.971  1.010  1.038  1.053  1.073  1.071  1.050  1.070  1.015  0.928
18  7  0.827  0.865  0.956  1.004  1.050  1.068  1.090  1.089  1.049  1.069  1.002  0.922
19  7  1.014  1.041  0.975  1.015  1.025  1.028  1.002  0.960  0.957  1.010  1.020  0.958
20  7  0.850  0.895  1.000  1.018  1.020  1.041  1.040  1.035  1.035  1.081  1.035  0.945
21  7  0.979  1.021  1.008  1.045  1.050  1.059  0.997  0.948  0.957  1.013  0.997  0.929
23  7  0.817  0.848  0.948  1.003  1.045  1.074  1.107  1.108  1.069  1.072  0.996  0.904
48  7  0.850  0.890  0.978  1.017  1.037  1.051  1.050  1.050  1.056  1.074  1.009  0.932
47  7  0.999  1.019  0.966  1.005  1.013  1.028  1.010  0.986  0.978  1.020  1.028  0.949
42  7  0.874  0.912  0.970  1.008  1.034  1.052  1.059  1.051  1.031  1.062  1.015  0.928
27  7  0.865  0.916  0.992  1.018  1.041  1.044  1.035  1.028  1.026  1.064  1.019  0.948
51  7  0.874  0.912  0.970  1.008  1.034  1.052  1.059  1.051  1.031  1.062  1.015  0.928
15  7  0.843  0.888  0.981  1.011  1.027  1.047  1.055  1.060  1.050  1.075  1.024  0.932
 9  7  0.834  0.878  0.973  1.010  1.040  1.053  1.075  1.076  1.050  1.067  1.010  0.927
 1  7  0.874  0.912  0.970  1.008  1.034  1.052  1.059  1.051  1.031  1.062  1.015  0.928
40  7  0.874  0.912  0.970  1.008  1.034  1.052  1.059  1.051  1.031  1.062  1.015  0.928
50  7  0.874  0.912  0.970  1.008  1.034  1.052  1.059  1.051  1.031  1.062  1.015  0.928
49  7  0.874  0.912  0.970  1.008  1.034  1.052  1.059  1.051  1.031  1.062  1.015  0.928
41  7  0.874  0.912  0.970  1.008  1.034  1.052  1.059  1.051  1.031  1.062  1.015  0.928
52  7  0.874  0.912  0.970  1.008  1.034  1.052  1.059  1.051  1.031  1.062  1.015  0.928
 2  8  0.897  0.941  1.006  1.034  1.038  1.081  1.045  0.980  1.026  1.046  0.985  0.920
 3  8  0.897  0.941  1.006  1.034  1.038  1.081  1.045  0.980  1.026  1.046  0.985  0.920
 4  8  0.951  1.171  1.292  1.149  1.059  1.023  0.890  0.845  0.908  0.893  0.908  0.928
24  8  0.963  1.026  1.042  1.046  1.047  1.062  1.030  0.852  0.871  1.037  1.047  0.980
46  8  0.743  0.799  0.917  1.008  1.034  1.142  1.228  1.272  1.242  1.058  0.833  0.712
10  8  0.950  0.931  0.998  1.006  0.977  0.996  0.976  0.931  0.986  1.098  1.107  1.040
 6  8  0.952  0.966  1.033  1.026  0.987  1.025  0.876  0.906  1.051  1.062  1.096  1.023
43  8  0.743  0.799  0.917  1.008  1.034  1.142  1.228  1.272  1.242  1.058  0.833  0.712
22  8  0.968  1.027  1.052  1.035  1.033  1.091  1.070  0.792  0.795  1.056  1.086  0.997
 7  8  0.981  1.014  1.036  1.061  1.097  1.091  0.838  0.802  1.016  1.041  1.026  1.005
 8  8  0.963  1.026  1.042  1.046  1.047  1.062  1.030  0.852  0.871  1.037  1.047  0.980
11  8  0.950  0.954  0.992  0.977  1.003  1.037  1.042  0.979  0.927  1.030  1.082  1.026
12  8  0.897  0.941  1.006  1.034  1.038  1.081  1.045  0.980  1.026  1.046  0.985  0.920
14  8  0.964  0.944  1.023  1.026  0.997  1.051  1.004  0.885  0.951  1.046  1.056  1.050
45  8  0.743  0.799  0.917  1.008  1.034  1.142  1.228  1.272  1.242  1.058  0.833  0.712
16  8  0.951  0.985  0.991  1.021  1.056  1.087  1.085  0.912  0.906  1.011  1.007  0.986
44  8  0.743  0.799  0.917  1.008  1.034  1.142  1.228  1.272  1.242  1.058  0.833  0.712
17  8  0.989  0.961  0.982  1.021  1.036  1.036  0.969  0.891  0.961  1.042  1.056  1.056
18  8  1.007  1.022  1.028  1.058  1.083  1.088  0.767  0.726  1.023  1.074  1.083  1.052
19  8  0.743  0.799  0.917  1.008  1.034  1.142  1.228  1.272  1.242  1.058  0.833  0.712
20  8  0.970  0.981  1.017  1.051  1.051  1.046  1.041  0.861  0.866  1.042  1.051  1.020
21  8  0.743  0.799  0.917  1.008  1.034  1.142  1.228  1.272  1.242  1.058  0.833  0.712
23  8  1.007  1.022  1.028  1.058  1.083  1.088  0.767  0.726  1.023  1.074  1.083  1.052
48  8  0.897  0.941  1.006  1.034  1.038  1.081  1.045  0.980  1.026  1.046  0.985  0.920
47  8  0.743  0.799  0.917  1.008  1.034  1.142  1.228  1.272  1.242  1.058  0.833  0.712
42  8  0.897  0.941  1.006  1.034  1.038  1.081  1.045  0.980  1.026  1.046  0.985  0.920
27  8  0.919  0.990  1.079  1.053  0.993  1.023  0.997  0.922  0.973  1.038  1.038  0.976
51  8  0.897  0.941  1.006  1.034  1.038  1.081  1.045  0.980  1.026  1.046  0.985  0.920
15  8  0.947  1.023  1.098  1.097  1.077  1.063  1.052  0.743  0.777  1.072  1.053  1.001
 9  8  0.950  0.931  0.998  1.006  0.977  0.996  0.976  0.931  0.986  1.098  1.107  1.040
 1  8  0.897  0.941  1.006  1.034  1.038  1.081  1.045  0.980  1.026  1.046  0.985  0.920
40  8  0.897  0.941  1.006  1.034  1.038  1.081  1.045  0.980  1.026  1.046  0.985  0.920
50  8  0.897  0.941  1.006  1.034  1.038  1.081  1.045  0.980  1.026  1.046  0.985  0.920
49  8  0.897  0.941  1.006  1.034  1.038  1.081  1.045  0.980  1.026  1.046  0.985  0.920
41  8  0.897  0.941  1.006  1.034  1.038  1.081  1.045  0.980  1.026  1.046  0.985  0.920
52  8  0.897  0.941  1.006  1.034  1.038  1.081  1.045  0.980  1.026  1.046  0.985  0.920
 2  9  1.000  1.000  1.000  1.000  1.000  1.000  1.000  1.000  1.000  1.000  1.000  1.000
 3  9  1.000  1.000  1.000  1.000  1.000  1.000  1.000  1.000  1.000  1.000  1.000  1.000
 4  9  1.000  1.000  1.000  1.000  1.000  1.000  1.000  1.000  1.000  1.000  1.000  1.000
24  9  1.000  1.000  1.000  1.000  1.000  1.000  1.000  1.000  1.000  1.000  1.000  1.000
46  9  1.000  1.000  1.000  1.000  1.000  1.000  1.000  1.000  1.000  1.000  1.000  1.000
10  9  1.000  1.000  1.000  1.000  1.000  1.000  1.000  1.000  1.000  1.000  1.000  1.000
 6  9  1.000  1.000  1.000  1.000  1.000  1.000  1.000  1.000  1.000  1.000  1.000  1.000
43  9  1.000  1.000  1.000  1.000  1.000  1.000  1.000  1.000  1.000  1.000  1.000  1.000
22  9  1.000  1.000  1.000  1.000  1.000  1.000  1.000  1.000  1.000  1.000  1.000  1.000
 7  9  1.000  1.000  1.000  1.000  1.000  1.000  1.000  1.000  1.000  1.000  1.000  1.000
 8  9  1.000  1.000  1.000  1.000  1.000  1.000  1.000  1.000  1.000  1.000  1.000  1.000
11  9  1.000  1.000  1.000  1.000  1.000  1.000  1.000  1.000  1.000  1.000  1.000  1.000
12  9  1.000  1.000  1.000  1.000  1.000  1.000  1.000  1.000  1.000  1.000  1.000  1.000
14  9  1.000  1.000  1.000  1.000  1.000  1.000  1.000  1.000  1.000  1.000  1.000  1.000
45  9  1.000  1.000  1.000  1.000  1.000  1.000  1.000  1.000  1.000  1.000  1.000  1.000
16  9  1.000  1.000  1.000  1.000  1.000  1.000  1.000  1.000  1.000  1.000  1.000  1.000
44  9  1.000  1.000  1.000  1.000  1.000  1.000  1.000  1.000  1.000  1.000  1.000  1.000
17  9  1.000  1.000  1.000  1.000  1.000  1.000  1.000  1.000  1.000  1.000  1.000  1.000
18  9  1.000  1.000  1.000  1.000  1.000  1.000  1.000  1.000  1.000  1.000  1.000  1.000
19  9  1.000  1.000  1.000  1.000  1.000  1.000  1.000  1.000  1.000  1.000  1.000  1.000
20  9  1.000  1.000  1.000  1.000  1.000  1.000  1.000  1.000  1.000  1.000  1.000  1.000
21  9  1.000  1.000  1.000  1.000  1.000  1.000  1.000  1.000  1.000  1.000  1.000  1.000
23  9  1.000  1.000  1.000  1.000  1.000  1.000  1.000  1.000  1.000  1.000  1.000  1.000
48  9  1.000  1.000  1.000  1.000  1.000  1.000  1.000  1.000  1.000  1.000  1.000  1.000
47  9  1.000  1.000  1.000  1.000  1.000  1.000  1.000  1.000  1.000  1.000  1.000  1.000
42  9  1.000  1.000  1.000  1.000  1.000  1.000  1.000  1.000  1.000  1.000  1.000  1.000
27  9  1.000  1.000  1.000  1.000  1.000  1.000  1.000  1.000  1.000  1.000  1.000  1.000
51  9  1.000  1.000  1.000  1.000  1.000  1.000  1.000  1.000  1.000  1.000  1.000  1.000
15  9  1.000  1.000  1.000  1.000  1.000  1.000  1.000  1.000  1.000  1.000  1.000  1.000
 9  9  1.000  1.000  1.000  1.000  1.000  1.000  1.000  1.000  1.000  1.000  1.000  1.000
 1  9  1.000  1.000  1.000  1.000  1.000  1.000  1.000  1.000  1.000  1.000  1.000  1.000
40  9  1.000  1.000  1.000  1.000  1.000  1.000  1.000  1.000  1.000  1.000  1.000  1.000
50  9  1.000  1.000  1.000  1.000  1.000  1.000  1.000  1.000  1.000  1.000  1.000  1.000
49  9  1.000  1.000  1.000  1.000  1.000  1.000  1.000  1.000  1.000  1.000  1.000  1.000
41  9  1.000  1.000  1.000  1.000  1.000  1.000  1.000  1.000  1.000  1.000  1.000  1.000
52  9  1.000  1.000  1.000  1.000  1.000  1.000  1.000  1.000  1.000  1.000  1.000  1.000
 2 10  0.700  0.850  1.000  1.000  1.150  1.300  1.300  1.150  1.000  1.000  0.850  0.700
 3 10  0.700  0.850  1.000  1.000  1.150  1.300  1.300  1.150  1.000  1.000  0.850  0.700
 4 10  0.700  0.850  1.000  1.000  1.150  1.300  1.300  1.150  1.000  1.000  0.850  0.700
24 10  0.700  0.850  1.000  1.000  1.150  1.300  1.300  1.150  1.000  1.000  0.850  0.700
46 10  0.700  0.850  1.000  1.000  1.150  1.300  1.300  1.150  1.000  1.000  0.850  0.700
10 10  0.700  0.850  1.000  1.000  1.150  1.300  1.300  1.150  1.000  1.000  0.850  0.700
 6 10  0.700  0.850  1.000  1.000  1.150  1.300  1.300  1.150  1.000  1.000  0.850  0.700
43 10  0.700  0.850  1.000  1.000  1.150  1.300  1.300  1.150  1.000  1.000  0.850  0.700
22 10  0.700  0.850  1.000  1.000  1.150  1.300  1.300  1.150  1.000  1.000  0.850  0.700
 7 10  0.700  0.850  1.000  1.000  1.150  1.300  1.300  1.150  1.000  1.000  0.850  0.700
 8 10  0.700  0.850  1.000  1.000  1.150  1.300  1.300  1.150  1.000  1.000  0.850  0.700
11 10  0.700  0.850  1.000  1.000  1.150  1.300  1.300  1.150  1.000  1.000  0.850  0.700
12 10  0.700  0.850  1.000  1.000  1.150  1.300  1.300  1.150  1.000  1.000  0.850  0.700
14 10  0.700  0.850  1.000  1.000  1.150  1.300  1.300  1.150  1.000  1.000  0.850  0.700
45 10  0.700  0.850  1.000  1.000  1.150  1.300  1.300  1.150  1.000  1.000  0.850  0.700
16 10  0.700  0.850  1.000  1.000  1.150  1.300  1.300  1.150  1.000  1.000  0.850  0.700
44 10  0.700  0.850  1.000  1.000  1.150  1.300  1.300  1.150  1.000  1.000  0.850  0.700
17 10  0.700  0.850  1.000  1.000  1.150  1.300  1.300  1.150  1.000  1.000  0.850  0.700
18 10  0.700  0.850  1.000  1.000  1.150  1.300  1.300  1.150  1.000  1.000  0.850  0.700
19 10  0.700  0.850  1.000  1.000  1.150  1.300  1.300  1.150  1.000  1.000  0.850  0.700
20 10  0.700  0.850  1.000  1.000  1.150  1.300  1.300  1.150  1.000  1.000  0.850  0.700
21 10  0.700  0.850  1.000  1.000  1.150  1.300  1.300  1.150  1.000  1.000  0.850  0.700
23 10  0.700  0.850  1.000  1.000  1.150  1.300  1.300  1.150  1.000  1.000  0.850  0.700
48 10  0.700  0.850  1.000  1.000  1.150  1.300  1.300  1.150  1.000  1.000  0.850  0.700
47 10  0.700  0.850  1.000  1.000  1.150  1.300  1.300  1.150  1.000  1.000  0.850  0.700
42 10  0.700  0.850  1.000  1.000  1.150  1.300  1.300  1.150  1.000  1.000  0.850  0.700
27 10  0.700  0.850  1.000  1.000  1.150  1.300  1.300  1.150  1.000  1.000  0.850  0.700
51 10  0.700  0.850  1.000  1.000  1.150  1.300  1.300  1.150  1.000  1.000  0.850  0.700
15 10  0.700  0.850  1.000  1.000  1.150  1.300  1.300  1.150  1.000  1.000  0.850  0.700
 9 10  0.700  0.850  1.000  1.000  1.150  1.300  1.300  1.150  1.000  1.000  0.850  0.700
 1 10  0.700  0.850  1.000  1.000  1.150  1.300  1.300  1.150  1.000  1.000  0.850  0.700
40 10  0.700  0.850  1.000  1.000  1.150  1.300  1.300  1.150  1.000  1.000  0.850  0.700
50 10  0.700  0.850  1.000  1.000  1.150  1.300  1.300  1.150  1.000  1.000  0.850  0.700
49 10  0.700  0.850  1.000  1.000  1.150  1.300  1.300  1.150  1.000  1.000  0.850  0.700
41 10  0.700  0.850  1.000  1.000  1.150  1.300  1.300  1.150  1.000  1.000  0.850  0.700
52 10  0.700  0.850  1.000  1.000  1.150  1.300  1.300  1.150  1.000  1.000  0.850  0.700
 2 11  1.000  1.000  1.000  1.000  1.000  1.000  1.000  1.000  1.000  1.000  1.000  1.000
 3 11  1.000  1.000  1.000  1.000  1.000  1.000  1.000  1.000  1.000  1.000  1.000  1.000
 4 11  1.000  1.000  1.000  1.000  1.000  1.000  1.000  1.000  1.000  1.000  1.000  1.000
24 11  1.000  1.000  1.000  1.000  1.000  1.000  1.000  1.000  1.000  1.000  1.000  1.000
46 11  1.000  1.000  1.000  1.000  1.000  1.000  1.000  1.000  1.000  1.000  1.000  1.000
10 11  1.000  1.000  1.000  1.000  1.000  1.000  1.000  1.000  1.000  1.000  1.000  1.000
 6 11  1.000  1.000  1.000  1.000  1.000  1.000  1.000  1.000  1.000  1.000  1.000  1.000
43 11  1.000  1.000  1.000  1.000  1.000  1.000  1.000  1.000  1.000  1.000  1.000  1.000
22 11  1.000  1.000  1.000  1.000  1.000  1.000  1.000  1.000  1.000  1.000  1.000  1.000
 7 11  1.000  1.000  1.000  1.000  1.000  1.000  1.000  1.000  1.000  1.000  1.000  1.000
 8 11  1.000  1.000  1.000  1.000  1.000  1.000  1.000  1.000  1.000  1.000  1.000  1.000
11 11  1.000  1.000  1.000  1.000  1.000  1.000  1.000  1.000  1.000  1.000  1.000  1.000
12 11  1.000  1.000  1.000  1.000  1.000  1.000  1.000  1.000  1.000  1.000  1.000  1.000
14 11  1.000  1.000  1.000  1.000  1.000  1.000  1.000  1.000  1.000  1.000  1.000  1.000
45 11  1.000  1.000  1.000  1.000  1.000  1.000  1.000  1.000  1.000  1.000  1.000  1.000
16 11  1.000  1.000  1.000  1.000  1.000  1.000  1.000  1.000  1.000  1.000  1.000  1.000
44 11  1.000  1.000  1.000  1.000  1.000  1.000  1.000  1.000  1.000  1.000  1.000  1.000
17 11  1.000  1.000  1.000  1.000  1.000  1.000  1.000  1.000  1.000  1.000  1.000  1.000
18 11  1.000  1.000  1.000  1.000  1.000  1.000  1.000  1.000  1.000  1.000  1.000  1.000
19 11  1.000  1.000  1.000  1.000  1.000  1.000  1.000  1.000  1.000  1.000  1.000  1.000
20 11  1.000  1.000  1.000  1.000  1.000  1.000  1.000  1.000  1.000  1.000  1.000  1.000
21 11  1.000  1.000  1.000  1.000  1.000  1.000  1.000  1.000  1.000  1.000  1.000  1.000
23 11  1.000  1.000  1.000  1.000  1.000  1.000  1.000  1.000  1.000  1.000  1.000  1.000
48 11  1.000  1.000  1.000  1.000  1.000  1.000  1.000  1.000  1.000  1.000  1.000  1.000
47 11  1.000  1.000  1.000  1.000  1.000  1.000  1.000  1.000  1.000  1.000  1.000  1.000
42 11  1.000  1.000  1.000  1.000  1.000  1.000  1.000  1.000  1.000  1.000  1.000  1.000
27 11  1.000  1.000  1.000  1.000  1.000  1.000  1.000  1.000  1.000  1.000  1.000  1.000
51 11  1.000  1.000  1.000  1.000  1.000  1.000  1.000  1.000  1.000  1.000  1.000  1.000
15 11  1.000  1.000  1.000  1.000  1.000  1.000  1.000  1.000  1.000  1.000  1.000  1.000
 9 11  1.000  1.000  1.000  1.000  1.000  1.000  1.000  1.000  1.000  1.000  1.000  1.000
 1 11  1.000  1.000  1.000  1.000  1.000  1.000  1.000  1.000  1.000  1.000  1.000  1.000
40 11  1.000  1.000  1.000  1.000  1.000  1.000  1.000  1.000  1.000  1.000  1.000  1.000
50 11  1.000  1.000  1.000  1.000  1.000  1.000  1.000  1.000  1.000  1.000  1.000  1.000
49 11  1.000  1.000  1.000  1.000  1.000  1.000  1.000  1.000  1.000  1.000  1.000  1.000
41 11  1.000  1.000  1.000  1.000  1.000  1.000  1.000  1.000  1.000  1.000  1.000  1.000
52 11  1.000  1.000  1.000  1.000  1.000  1.000  1.000  1.000  1.000  1.000  1.000  1.000
