# These weekday factors should be applied to total annual emission factors in
# combination with the Monthly factors supplied in Monthlyfac.all.
# origin: EMEP/MSC-W based on GENEMIS data.
# Formate: CC SNAPsector  MON      TUE      WED      THU      FRI      SAT      SUN
 2  1  1.0159   1.0348   1.0399   1.0299   1.0298   0.9651   0.8846
 3  1  1.0424   1.0578   1.0809   1.0739   1.0581   0.8827   0.8042
 4  1  1.0254   1.0268   1.0617   1.0690   1.0478   0.9167   0.8526
24  1  1.0185   1.0296   1.0409   1.0342   1.0522   0.9466   0.8780
46  1  1.0297   1.0423   1.0658   1.0637   1.0481   0.9128   0.8376
10  1  1.0365   1.0497   1.0620   1.0758   1.0594   0.8999   0.8168
 6  1  1.0273   1.0337   1.0498   1.0519   1.0540   0.9236   0.8597
43  1  1.0193   1.0262   1.0469   1.0374   1.0278   0.9399   0.9026
22  1  1.0413   1.0530   1.0822   1.0846   1.0538   0.8813   0.8037
 7  1  1.0491   1.0427   1.0774   1.0684   1.0522   0.8922   0.8179
 8  1  1.0460   1.0246   1.0503   1.0569   1.0592   0.9176   0.8454
11  1  1.0368   1.0528   1.0764   1.0854   1.0620   0.8795   0.8070
12  1  1.0369   1.0297   1.0503   1.0553   1.0416   0.9208   0.8653
14  1  1.0297   1.0572   1.0795   1.0758   1.0581   0.8918   0.8080
45  1  1.0338   1.0418   1.0698   1.0655   1.0492   0.9027   0.8372
16  1  1.0424   1.0578   1.0809   1.0739   1.0581   0.8827   0.8042
44  1  1.0105   1.0169   1.0332   1.0206   1.0149   0.9621   0.9418
17  1  1.0335   1.0554   1.0769   1.0800   1.0611   0.8865   0.8065
18  1  0.9940   0.9882   0.9765   1.0020   1.0493   1.0272   0.9627
19  1  1.0404   1.0509   1.0797   1.0756   1.0604   0.8892   0.8038
20  1  1.0443   1.0522   1.0856   1.0791   1.0549   0.8807   0.8032
21  1  1.0365   1.0385   1.0642   1.0717   1.0521   0.9005   0.8365
23  1  1.0064   1.0143   1.0332   1.0164   1.0417   0.9560   0.9320
48  1  1.0397   1.0526   1.0835   1.0802   1.0595   0.8817   0.8029
47  1  1.0176   1.0334   1.0507   1.0490   1.0374   0.9396   0.8723
42  1  1.0307   1.0401   1.0623   1.0617   1.0510   0.9117   0.8426
27  1  1.0236   1.0535   1.0894   1.0936   1.0655   0.8798   0.7946
51  1  1.0398   1.0527   1.0837   1.0804   1.0596   0.8814   0.8024
15  1  1.0410   1.0528   1.0727   1.0778   1.0612   0.8857   0.8089
 9  1  1.0365   1.0497   1.0620   1.0758   1.0594   0.8999   0.8168
 1  1  1.0365   1.0497   1.0620   1.0758   1.0594   0.8999   0.8168
40  1  1.0365   1.0497   1.0620   1.0758   1.0594   0.8999   0.8168
50  1  1.0365   1.0497   1.0620   1.0758   1.0594   0.8999   0.8168
49  1  1.0365   1.0497   1.0620   1.0758   1.0594   0.8999   0.8168
41  1  1.0365   1.0497   1.0620   1.0758   1.0594   0.8999   0.8168
52  1  1.0365   1.0497   1.0620   1.0758   1.0594   0.8999   0.8168
 2  2  1.0136   1.0039   0.9928   0.9942   1.0097   0.9944   0.9914
 3  2  1.0288   1.0112   0.9844   1.0047   1.0539   0.9699   0.9472
 4  2  1.0196   0.9878   0.9942   1.0053   1.0150   0.9660   1.0122
24  2  1.0000   0.9926   0.9962   0.9931   1.0205   1.0120   0.9855
46  2  0.9991   0.9847   0.9761   0.9636   0.9933   1.0317   1.0515
10  2  0.9911   0.9924   0.9857   0.9958   1.0393   1.0094   0.9862
 6  2  0.9985   1.0056   1.0013   0.9873   1.0160   0.9997   0.9916
43  2  1.0226   0.9875   1.0003   0.9709   0.9869   0.9887   1.0431
22  2  1.0470   1.0101   1.0420   0.9915   0.9850   0.9297   0.9946
 7  2  1.0053   1.0032   1.0232   1.0203   0.9997   0.9714   0.9770
 8  2  1.0408   1.0161   0.9850   1.0067   1.0018   0.9824   0.9672
11  2  1.0867   1.0517   1.0035   1.0227   0.9929   0.9004   0.9421
12  2  1.0077   0.9964   1.0175   1.0109   0.9704   0.9473   1.0498
14  2  1.0094   1.0279   1.0373   1.0225   0.9866   0.9606   0.9558
45  2  0.9991   0.9847   0.9761   0.9636   0.9933   1.0317   1.0515
16  2  1.0285   1.0119   0.9841   1.0044   1.0546   0.9696   0.9469
44  2  0.9991   0.9847   0.9761   0.9636   0.9933   1.0317   1.0515
17  2  1.0399   1.0197   0.9916   1.0183   1.0275   0.9640   0.9390
18  2  1.0336   1.0140   0.9994   0.9830   0.9611   0.9964   1.0125
19  2  0.9991   0.9847   0.9761   0.9636   0.9933   1.0317   1.0515
20  2  1.1093   1.0692   0.9696   0.9111   1.0129   0.9831   0.9448
21  2  1.0226   0.9875   1.0003   0.9709   0.9869   0.9887   1.0431
23  2  1.0221   1.0369   0.9803   1.0110   0.9868   0.9613   1.0017
48  2  1.0567   0.9570   0.9891   0.9612   0.9594   0.9794   1.0971
47  2  1.0567   0.9570   0.9891   0.9612   0.9594   0.9794   1.0971
42  2  1.0266   1.0046   0.9991   0.9894   0.9988   0.9791   1.0025
27  2  0.9921   1.0282   1.0806   1.0288   0.9688   0.9596   0.9419
51  2  1.0266   1.0046   0.9991   0.9894   0.9988   0.9791   1.0025
15  2  1.0881   1.0171   1.0225   0.9830   0.9981   0.8960   0.9952
 9  2  0.9911   0.9924   0.9857   0.9958   1.0393   1.0094   0.9862
 1  2  0.9911   0.9924   0.9857   0.9958   1.0393   1.0094   0.9862
40  2  0.9911   0.9924   0.9857   0.9958   1.0393   1.0094   0.9862
50  2  0.9911   0.9924   0.9857   0.9958   1.0393   1.0094   0.9862
49  2  0.9911   0.9924   0.9857   0.9958   1.0393   1.0094   0.9862
41  2  0.9911   0.9924   0.9857   0.9958   1.0393   1.0094   0.9862
52  2  0.9911   0.9924   0.9857   0.9958   1.0393   1.0094   0.9862
 2  3  1.0625   1.0800   1.0806   1.0709   1.0913   0.8087   0.8059
 3  3  1.0670   1.0769   1.0869   1.0813   1.0825   0.8035   0.8020
 4  3  1.0737   1.0816   1.0867   1.0785   1.0678   0.8051   0.8066
24  3  1.0564   1.0801   1.0855   1.0759   1.0878   0.8094   0.8047
46  3  1.0717   1.0708   1.0770   1.0707   1.0736   0.8160   0.8202
10  3  1.0537   1.0828   1.0811   1.0754   1.0882   0.8107   0.8081
 6  3  1.0693   1.0893   1.0881   1.0728   1.0712   0.8046   0.8047
43  3  1.0740   1.0803   1.0823   1.0700   1.0782   0.8056   0.8096
22  3  1.0774   1.0779   1.0749   1.0713   1.0801   0.8067   0.8117
 7  3  1.0764   1.0812   1.0890   1.0773   1.0744   0.8006   0.8011
 8  3  1.0703   1.0769   1.0828   1.0775   1.0791   0.8067   0.8066
11  3  1.0631   1.0896   1.0854   1.0816   1.0686   0.8050   0.8067
12  3  1.0687   1.0762   1.0828   1.0808   1.0802   0.8032   0.8081
14  3  1.0603   1.0842   1.0919   1.0709   1.0817   0.8061   0.8049
45  3  1.0717   1.0708   1.0770   1.0707   1.0736   0.8160   0.8202
16  3  1.0635   1.0774   1.0818   1.0766   1.0915   0.8057   0.8036
44  3  1.0717   1.0708   1.0770   1.0707   1.0736   0.8160   0.8202
17  3  1.0691   1.0848   1.0823   1.0767   1.0813   0.8046   0.8011
18  3  1.0757   1.0834   1.0874   1.0733   1.0693   0.8044   0.8065
19  3  1.0717   1.0708   1.0770   1.0707   1.0736   0.8160   0.8202
20  3  1.0802   1.0798   1.0784   1.0623   1.0823   0.8093   0.8077
21  3  1.0740   1.0803   1.0823   1.0700   1.0782   0.8056   0.8096
23  3  1.0693   1.0916   1.0838   1.0773   1.0719   0.8013   0.8048
48  3  1.0906   1.0711   1.0762   1.0639   1.0716   0.8049   0.8217
47  3  1.0906   1.0711   1.0762   1.0639   1.0716   0.8049   0.8217
42  3  1.0706   1.0792   1.0824   1.0733   1.0778   0.8070   0.8097
27  3  1.0508   1.0888   1.0945   1.0848   1.0755   0.8034   0.8022
51  3  1.0906   1.0711   1.0762   1.0639   1.0716   0.8049   0.8217
15  3  1.0637   1.0769   1.0825   1.0723   1.0887   0.8061   0.8098
 9  3  1.0537   1.0828   1.0811   1.0754   1.0882   0.8107   0.8081
 1  3  1.0537   1.0828   1.0811   1.0754   1.0882   0.8107   0.8081
40  3  1.0537   1.0828   1.0811   1.0754   1.0882   0.8107   0.8081
50  3  1.0537   1.0828   1.0811   1.0754   1.0882   0.8107   0.8081
49  3  1.0537   1.0828   1.0811   1.0754   1.0882   0.8107   0.8081
41  3  1.0537   1.0828   1.0811   1.0754   1.0882   0.8107   0.8081
52  3  1.0537   1.0828   1.0811   1.0754   1.0882   0.8107   0.8081
 2  4  1.0621   1.0815   1.0828   1.0725   1.0914   0.8060   0.8038
 3  4  1.0663   1.0785   1.0917   1.0827   1.0771   0.8013   0.8024
 4  4  1.0741   1.0850   1.0899   1.0830   1.0655   0.8008   0.8016
24  4  1.0683   1.0784   1.0845   1.0770   1.0805   0.8049   0.8064
46  4  1.0744   1.0834   1.0827   1.0767   1.0791   0.8011   0.8025
10  4  1.0556   1.0848   1.0849   1.0766   1.0844   0.8067   0.8070
 6  4  1.0728   1.0917   1.0918   1.0762   1.0679   0.7989   0.8007
43  4  1.0744   1.0834   1.0827   1.0767   1.0791   0.8011   0.8025
22  4  1.0746   1.0791   1.0733   1.0744   1.0822   0.8064   0.8099
 7  4  1.0767   1.0833   1.0883   1.0776   1.0746   0.7997   0.7999
 8  4  1.0683   1.0784   1.0845   1.0770   1.0805   0.8049   0.8064
11  4  1.0604   1.0875   1.0872   1.0818   1.0700   0.8060   0.8072
12  4  1.0744   1.0834   1.0827   1.0767   1.0791   0.8011   0.8025
14  4  1.0600   1.0835   1.0912   1.0718   1.0837   0.8050   0.8049
45  4  1.0744   1.0834   1.0827   1.0767   1.0791   0.8011   0.8025
16  4  1.0617   1.0774   1.0849   1.0768   1.0886   0.8052   0.8054
44  4  1.0744   1.0834   1.0827   1.0767   1.0791   0.8011   0.8025
17  4  1.0668   1.0848   1.0853   1.0769   1.0803   0.8036   0.8024
18  4  1.0669   1.0903   1.0908   1.0800   1.0734   0.7997   0.7989
19  4  1.0738   1.0752   1.0851   1.0844   1.0724   0.8056   0.8035
20  4  1.0785   1.0782   1.0784   1.0677   1.0840   0.8066   0.8065
21  4  1.0744   1.0834   1.0827   1.0767   1.0791   0.8011   0.8025
23  4  1.0669   1.0903   1.0908   1.0800   1.0734   0.7997   0.7989
48  4  1.0621   1.0815   1.0828   1.0725   1.0914   0.8060   0.8038
47  4  1.0744   1.0834   1.0827   1.0767   1.0791   0.8011   0.8025
42  4  1.0679   1.0824   1.0849   1.0772   1.0804   0.8034   0.8039
27  4  1.0533   1.0882   1.0893   1.0841   1.0794   0.8021   0.8035
51  4  1.0592   1.0758   1.0816   1.0764   1.0919   0.8074   0.8077
15  4  1.0592   1.0758   1.0816   1.0764   1.0919   0.8074   0.8077
 9  4  1.0556   1.0848   1.0849   1.0766   1.0844   0.8067   0.8070
 1  4  1.0556   1.0848   1.0849   1.0766   1.0844   0.8067   0.8070
40  4  1.0556   1.0848   1.0849   1.0766   1.0844   0.8067   0.8070
50  4  1.0556   1.0848   1.0849   1.0766   1.0844   0.8067   0.8070
49  4  1.0556   1.0848   1.0849   1.0766   1.0844   0.8067   0.8070
41  4  1.0556   1.0848   1.0849   1.0766   1.0844   0.8067   0.8070
52  4  1.0556   1.0848   1.0849   1.0766   1.0844   0.8067   0.8070
 2  5  1.0159   1.0170   1.0159   0.9622   0.9622   1.0124   1.0145
 3  5  1.0159   1.0170   1.0159   0.9622   0.9622   1.0124   1.0145
 4  5  1.0159   1.0170   1.0159   0.9622   0.9622   1.0124   1.0145
24  5  1.0159   1.0170   1.0159   0.9622   0.9622   1.0124   1.0145
46  5  1.0159   1.0170   1.0159   0.9622   0.9622   1.0124   1.0145
10  5  1.0159   1.0170   1.0159   0.9622   0.9622   1.0124   1.0145
 6  5  1.0159   1.0170   1.0159   0.9622   0.9622   1.0124   1.0145
43  5  1.0159   1.0170   1.0159   0.9622   0.9622   1.0124   1.0145
22  5  1.0159   1.0170   1.0159   0.9622   0.9622   1.0124   1.0145
 7  5  1.0159   1.0170   1.0159   0.9622   0.9622   1.0124   1.0145
 8  5  1.0159   1.0170   1.0159   0.9622   0.9622   1.0124   1.0145
11  5  1.0159   1.0170   1.0159   0.9622   0.9622   1.0124   1.0145
12  5  1.0159   1.0170   1.0159   0.9622   0.9622   1.0124   1.0145
14  5  1.0159   1.0170   1.0159   0.9622   0.9622   1.0124   1.0145
45  5  1.0159   1.0170   1.0159   0.9622   0.9622   1.0124   1.0145
16  5  1.0159   1.0170   1.0159   0.9622   0.9622   1.0124   1.0145
44  5  1.0159   1.0170   1.0159   0.9622   0.9622   1.0124   1.0145
17  5  1.0159   1.0170   1.0159   0.9622   0.9622   1.0124   1.0145
18  5  1.0159   1.0170   1.0159   0.9622   0.9622   1.0124   1.0145
19  5  1.0159   1.0170   1.0159   0.9622   0.9622   1.0124   1.0145
20  5  1.0159   1.0170   1.0159   0.9622   0.9622   1.0124   1.0145
21  5  1.0159   1.0170   1.0159   0.9622   0.9622   1.0124   1.0145
23  5  1.0159   1.0170   1.0159   0.9622   0.9622   1.0124   1.0145
48  5  1.0159   1.0170   1.0159   0.9622   0.9622   1.0124   1.0145
47  5  1.0159   1.0170   1.0159   0.9622   0.9622   1.0124   1.0145
42  5  1.0159   1.0170   1.0159   0.9622   0.9622   1.0124   1.0145
27  5  1.0159   1.0170   1.0159   0.9622   0.9622   1.0124   1.0145
51  5  1.0159   1.0170   1.0159   0.9622   0.9622   1.0124   1.0145
15  5  1.0159   1.0170   1.0159   0.9622   0.9622   1.0124   1.0145
 9  5  1.0159   1.0170   1.0159   0.9622   0.9622   1.0124   1.0145
 1  5  1.0159   1.0170   1.0159   0.9622   0.9622   1.0124   1.0145
40  5  1.0159   1.0170   1.0159   0.9622   0.9622   1.0124   1.0145
50  5  1.0159   1.0170   1.0159   0.9622   0.9622   1.0124   1.0145
49  5  1.0159   1.0170   1.0159   0.9622   0.9622   1.0124   1.0145
41  5  1.0159   1.0170   1.0159   0.9622   0.9622   1.0124   1.0145
52  5  1.0159   1.0170   1.0159   0.9622   0.9622   1.0124   1.0145
 2  6  1.2777   1.2766   1.2758   1.2768   1.2766   0.4163   0.2002
 3  6  1.2082   1.2112   1.2131   1.2103   1.2069   0.7117   0.2386
 4  6  1.2195   1.2224   1.2242   1.2209   1.2175   0.4460   0.4495
24  6  1.2090   1.2092   1.2093   1.2091   1.2092   0.7150   0.2393
46  6  1.2203   1.2217   1.2217   1.2215   1.2184   0.4461   0.4503
10  6  1.2083   1.2090   1.2102   1.2096   1.2098   0.7141   0.2390
 6  6  1.2101   1.2141   1.2137   1.2087   1.2043   0.7105   0.2386
43  6  1.2203   1.2217   1.2217   1.2215   1.2184   0.4461   0.4503
22  6  1.2090   1.2058   1.2086   1.2094   1.2107   0.7169   0.2397
 7  6  1.2092   1.2122   1.2126   1.2095   1.2065   0.7114   0.2386
 8  6  1.2087   1.2070   1.2087   1.2095   1.2105   0.7162   0.2395
11  6  1.2097   1.2090   1.2088   1.2084   1.2094   0.7152   0.2395
12  6  1.2211   1.2222   1.2216   1.2202   1.2182   0.4463   0.4503
14  6  1.2066   1.2082   1.2116   1.2112   1.2105   0.7134   0.2386
45  6  1.2203   1.2217   1.2217   1.2215   1.2184   0.4461   0.4503
16  6  1.2072   1.2062   1.2086   1.2106   1.2120   0.7161   0.2393
44  6  1.2203   1.2217   1.2217   1.2215   1.2184   0.4461   0.4503
17  6  1.2075   1.2083   1.2099   1.2103   1.2107   0.7145   0.2389
18  6  1.2088   1.2135   1.2142   1.2100   1.2048   0.7102   0.2385
19  6  1.2203   1.2217   1.2217   1.2215   1.2184   0.4461   0.4503
20  6  1.2075   1.2055   1.2082   1.2102   1.2126   0.7167   0.2393
21  6  1.2203   1.2217   1.2217   1.2215   1.2184   0.4461   0.4503
23  6  1.2088   1.2134   1.2139   1.2097   1.2055   0.7102   0.2384
48  6  1.2107   1.2113   1.2096   1.2089   1.2061   0.7130   0.2403
47  6  1.2107   1.2113   1.2096   1.2089   1.2061   0.7130   0.2403
42  6  1.2146   1.2155   1.2164   1.2157   1.2141   0.6234   0.3003
27  6  1.2078   1.2097   1.2116   1.2103   1.2086   0.7131   0.2388
51  6  1.2146   1.2155   1.2164   1.2157   1.2141   0.6234   0.3003
15  6  1.2058   1.2025   1.2078   1.2115   1.2153   0.7178   0.2393
 9  6  1.2083   1.2090   1.2102   1.2096   1.2098   0.7141   0.2390
 1  6  1.2083   1.2090   1.2102   1.2096   1.2098   0.7141   0.2390
40  6  1.2083   1.2090   1.2102   1.2096   1.2098   0.7141   0.2390
50  6  1.2083   1.2090   1.2102   1.2096   1.2098   0.7141   0.2390
49  6  1.2083   1.2090   1.2102   1.2096   1.2098   0.7141   0.2390
41  6  1.2083   1.2090   1.2102   1.2096   1.2098   0.7141   0.2390
52  6  1.2083   1.2090   1.2102   1.2096   1.2098   0.7141   0.2390
 2  7  1.0386   1.0144   1.0283   1.0328   1.1063   0.8843   0.8952
 3  7  1.0414   1.0155   1.0320   1.0355   1.1106   0.8799   0.8851
 4  7  1.0050   0.9956   0.9966   0.9969   1.0001   0.9998   1.0061
24  7  1.0398   1.0136   1.0285   1.0323   1.1060   0.8845   0.8953
46  7  1.0408   1.0113   1.0215   1.0313   1.1320   0.8763   0.8867
10  7  1.0389   1.0122   1.0270   1.0310   1.1078   0.8853   0.8978
 6  7  1.0387   1.0155   1.0307   1.0361   1.1021   0.8837   0.8932
43  7  1.0412   1.0110   1.0195   1.0291   1.1269   0.8778   0.8946
22  7  1.0374   1.0143   1.0279   1.0327   1.1046   0.8867   0.8964
 7  7  1.0362   1.0170   1.0309   1.0354   1.1022   0.8856   0.8928
 8  7  1.0377   1.0173   1.0310   1.0348   1.1009   0.8846   0.8938
11  7  1.0384   1.0172   1.0325   1.0363   1.0970   0.8853   0.8933
12  7  1.0410   1.0225   1.0366   1.0297   1.0856   0.8890   0.8956
14  7  1.0381   1.0142   1.0271   1.0329   1.1026   0.8869   0.8982
45  7  1.0410   1.0110   1.0196   1.0291   1.1264   0.8780   0.8949
16  7  1.0384   1.0137   1.0285   1.0317   1.1001   0.8869   0.9008
44  7  1.0410   1.0110   1.0197   1.0292   1.1266   0.8779   0.8947
17  7  1.0375   1.0111   1.0253   1.0305   1.1098   0.8864   0.8993
18  7  1.0382   1.0179   1.0338   1.0379   1.1029   0.8814   0.8879
19  7  1.0405   1.0109   1.0198   1.0293   1.1252   0.8786   0.8957
20  7  1.0385   1.0188   1.0336   1.0396   1.0949   0.8831   0.8915
21  7  1.0390   1.0114   1.0190   1.0295   1.1232   0.8808   0.8971
23  7  1.0372   1.0103   1.0219   1.0300   1.1268   0.8819   0.8920
48  7  1.0408   1.0113   1.0213   1.0312   1.1323   0.8763   0.8868
47  7  1.0397   1.0119   1.0206   1.0301   1.1215   0.8805   0.8957
42  7  1.0379   1.0134   1.0257   1.0313   1.1068   0.8870   0.8980
27  7  1.0398   1.0165   1.0309   1.0358   1.1060   0.8809   0.8900
51  7  1.0379   1.0134   1.0257   1.0313   1.1068   0.8870   0.8980
15  7  1.0376   1.0147   1.0299   1.0341   1.1030   0.8861   0.8946
 9  7  1.0389   1.0122   1.0270   1.0310   1.1078   0.8853   0.8978
 1  7  1.0389   1.0122   1.0270   1.0310   1.1078   0.8853   0.8978
40  7  1.0389   1.0122   1.0270   1.0310   1.1078   0.8853   0.8978
50  7  1.0389   1.0122   1.0270   1.0310   1.1078   0.8853   0.8978
49  7  1.0389   1.0122   1.0270   1.0310   1.1078   0.8853   0.8978
41  7  1.0389   1.0122   1.0270   1.0310   1.1078   0.8853   0.8978
52  7  1.0389   1.0122   1.0270   1.0310   1.1078   0.8853   0.8978
 2  8  1.0007   1.0015   1.0025   1.0020   1.0009   0.9933   0.9992
 3  8  1.0007   1.0015   1.0025   1.0020   1.0009   0.9933   0.9992
 4  8  1.0005   1.0029   1.0043   1.0016   0.9989   0.9920   0.9997
24  8  1.0006   0.9992   1.0007   1.0013   1.0021   0.9964   0.9998
46  8  1.0010   1.0021   1.0021   1.0019   0.9994   0.9920   1.0014
10  8  1.0007   1.0013   1.0023   1.0018   1.0019   0.9939   0.9981
 6  8  1.0027   1.0060   1.0057   1.0016   0.9979   0.9894   0.9968
43  8  1.0010   1.0021   1.0021   1.0019   0.9994   0.9920   1.0014
22  8  1.0007   0.9981   1.0004   1.0011   1.0022   0.9973   1.0002
 7  8  1.0019   1.0043   1.0047   1.0021   0.9996   0.9905   0.9968
 8  8  1.0006   0.9992   1.0007   1.0013   1.0021   0.9964   0.9998
11  8  1.0016   1.0009   1.0008   1.0005   1.0013   0.9951   0.9997
12  8  1.0007   1.0015   1.0025   1.0020   1.0009   0.9933   0.9992
14  8  0.9995   1.0009   1.0037   1.0034   1.0028   0.9933   0.9964
45  8  1.0010   1.0021   1.0021   1.0019   0.9994   0.9920   1.0014
16  8  0.9995   0.9987   1.0006   1.0023   1.0035   0.9964   0.9988
44  8  1.0010   1.0021   1.0021   1.0019   0.9994   0.9920   1.0014
17  8  1.0001   1.0007   1.0021   1.0024   1.0027   0.9944   0.9976
18  8  1.0017   1.0056   1.0060   1.0025   0.9990   0.9891   0.9961
19  8  1.0010   1.0021   1.0021   1.0019   0.9994   0.9920   1.0014
20  8  0.9997   0.9980   1.0003   1.0019   1.0040   0.9971   0.9990
21  8  1.0010   1.0021   1.0021   1.0019   0.9994   0.9920   1.0014
23  8  1.0017   1.0056   1.0060   1.0025   0.9990   0.9891   0.9961
48  8  1.0007   1.0015   1.0025   1.0020   1.0009   0.9933   0.9992
47  8  1.0010   1.0021   1.0021   1.0019   0.9994   0.9920   1.0014
42  8  1.0007   1.0015   1.0025   1.0020   1.0009   0.9933   0.9992
27  8  1.0005   1.0021   1.0037   1.0026   1.0011   0.9927   0.9974
51  8  1.0007   1.0015   1.0025   1.0020   1.0009   0.9933   0.9992
15  8  0.9982   0.9955   0.9999   1.0029   1.0060   0.9986   0.9989
 9  8  1.0007   1.0013   1.0023   1.0018   1.0019   0.9939   0.9981
 1  8  1.0007   1.0013   1.0023   1.0018   1.0019   0.9939   0.9981
40  8  1.0007   1.0013   1.0023   1.0018   1.0019   0.9939   0.9981
50  8  1.0007   1.0013   1.0023   1.0018   1.0019   0.9939   0.9981
49  8  1.0007   1.0013   1.0023   1.0018   1.0019   0.9939   0.9981
41  8  1.0007   1.0013   1.0023   1.0018   1.0019   0.9939   0.9981
52  8  1.0007   1.0013   1.0023   1.0018   1.0019   0.9939   0.9981
 2  9  1.0000   1.0000   1.0000   1.0000   1.0000   1.0000   1.0000
 3  9  1.0000   1.0000   1.0000   1.0000   1.0000   1.0000   1.0000
 4  9  1.0000   1.0000   1.0000   1.0000   1.0000   1.0000   1.0000
24  9  1.0000   1.0000   1.0000   1.0000   1.0000   1.0000   1.0000
46  9  1.0000   1.0000   1.0000   1.0000   1.0000   1.0000   1.0000
10  9  1.0000   1.0000   1.0000   1.0000   1.0000   1.0000   1.0000
 6  9  1.0000   1.0000   1.0000   1.0000   1.0000   1.0000   1.0000
43  9  1.0000   1.0000   1.0000   1.0000   1.0000   1.0000   1.0000
22  9  1.0000   1.0000   1.0000   1.0000   1.0000   1.0000   1.0000
 7  9  1.0000   1.0000   1.0000   1.0000   1.0000   1.0000   1.0000
 8  9  1.0000   1.0000   1.0000   1.0000   1.0000   1.0000   1.0000
11  9  1.0000   1.0000   1.0000   1.0000   1.0000   1.0000   1.0000
12  9  1.0000   1.0000   1.0000   1.0000   1.0000   1.0000   1.0000
14  9  1.0000   1.0000   1.0000   1.0000   1.0000   1.0000   1.0000
45  9  1.0000   1.0000   1.0000   1.0000   1.0000   1.0000   1.0000
16  9  1.0000   1.0000   1.0000   1.0000   1.0000   1.0000   1.0000
44  9  1.0000   1.0000   1.0000   1.0000   1.0000   1.0000   1.0000
17  9  1.0000   1.0000   1.0000   1.0000   1.0000   1.0000   1.0000
18  9  1.0000   1.0000   1.0000   1.0000   1.0000   1.0000   1.0000
19  9  1.0000   1.0000   1.0000   1.0000   1.0000   1.0000   1.0000
20  9  1.0000   1.0000   1.0000   1.0000   1.0000   1.0000   1.0000
21  9  1.0000   1.0000   1.0000   1.0000   1.0000   1.0000   1.0000
23  9  1.0000   1.0000   1.0000   1.0000   1.0000   1.0000   1.0000
48  9  1.0000   1.0000   1.0000   1.0000   1.0000   1.0000   1.0000
47  9  1.0000   1.0000   1.0000   1.0000   1.0000   1.0000   1.0000
42  9  1.0000   1.0000   1.0000   1.0000   1.0000   1.0000   1.0000
27  9  1.0000   1.0000   1.0000   1.0000   1.0000   1.0000   1.0000
51  9  1.0000   1.0000   1.0000   1.0000   1.0000   1.0000   1.0000
15  9  1.0000   1.0000   1.0000   1.0000   1.0000   1.0000   1.0000
 9  9  1.0000   1.0000   1.0000   1.0000   1.0000   1.0000   1.0000
 1  9  1.0000   1.0000   1.0000   1.0000   1.0000   1.0000   1.0000
40  9  1.0000   1.0000   1.0000   1.0000   1.0000   1.0000   1.0000
50  9  1.0000   1.0000   1.0000   1.0000   1.0000   1.0000   1.0000
49  9  1.0000   1.0000   1.0000   1.0000   1.0000   1.0000   1.0000
41  9  1.0000   1.0000   1.0000   1.0000   1.0000   1.0000   1.0000
52  9  1.0000   1.0000   1.0000   1.0000   1.0000   1.0000   1.0000
 2 10  1.0000   1.0000   1.0000   1.0000   1.0000   1.0000   1.0000
 3 10  1.0000   1.0000   1.0000   1.0000   1.0000   1.0000   1.0000
 4 10  1.0000   1.0000   1.0000   1.0000   1.0000   1.0000   1.0000
24 10  1.0000   1.0000   1.0000   1.0000   1.0000   1.0000   1.0000
46 10  1.0000   1.0000   1.0000   1.0000   1.0000   1.0000   1.0000
10 10  1.0000   1.0000   1.0000   1.0000   1.0000   1.0000   1.0000
 6 10  1.0000   1.0000   1.0000   1.0000   1.0000   1.0000   1.0000
43 10  1.0000   1.0000   1.0000   1.0000   1.0000   1.0000   1.0000
22 10  1.0000   1.0000   1.0000   1.0000   1.0000   1.0000   1.0000
 7 10  1.0000   1.0000   1.0000   1.0000   1.0000   1.0000   1.0000
 8 10  1.0000   1.0000   1.0000   1.0000   1.0000   1.0000   1.0000
11 10  1.0000   1.0000   1.0000   1.0000   1.0000   1.0000   1.0000
12 10  1.0000   1.0000   1.0000   1.0000   1.0000   1.0000   1.0000
14 10  1.0000   1.0000   1.0000   1.0000   1.0000   1.0000   1.0000
45 10  1.0000   1.0000   1.0000   1.0000   1.0000   1.0000   1.0000
16 10  1.0000   1.0000   1.0000   1.0000   1.0000   1.0000   1.0000
44 10  1.0000   1.0000   1.0000   1.0000   1.0000   1.0000   1.0000
17 10  1.0000   1.0000   1.0000   1.0000   1.0000   1.0000   1.0000
18 10  1.0000   1.0000   1.0000   1.0000   1.0000   1.0000   1.0000
19 10  1.0000   1.0000   1.0000   1.0000   1.0000   1.0000   1.0000
20 10  1.0000   1.0000   1.0000   1.0000   1.0000   1.0000   1.0000
21 10  1.0000   1.0000   1.0000   1.0000   1.0000   1.0000   1.0000
23 10  1.0000   1.0000   1.0000   1.0000   1.0000   1.0000   1.0000
48 10  1.0000   1.0000   1.0000   1.0000   1.0000   1.0000   1.0000
47 10  1.0000   1.0000   1.0000   1.0000   1.0000   1.0000   1.0000
42 10  1.0000   1.0000   1.0000   1.0000   1.0000   1.0000   1.0000
27 10  1.0000   1.0000   1.0000   1.0000   1.0000   1.0000   1.0000
51 10  1.0000   1.0000   1.0000   1.0000   1.0000   1.0000   1.0000
15 10  1.0000   1.0000   1.0000   1.0000   1.0000   1.0000   1.0000
 9 10  1.0000   1.0000   1.0000   1.0000   1.0000   1.0000   1.0000
 1 10  1.0000   1.0000   1.0000   1.0000   1.0000   1.0000   1.0000
40 10  1.0000   1.0000   1.0000   1.0000   1.0000   1.0000   1.0000
50 10  1.0000   1.0000   1.0000   1.0000   1.0000   1.0000   1.0000
49 10  1.0000   1.0000   1.0000   1.0000   1.0000   1.0000   1.0000
41 10  1.0000   1.0000   1.0000   1.0000   1.0000   1.0000   1.0000
52 10  1.0000   1.0000   1.0000   1.0000   1.0000   1.0000   1.0000
 2 11  1.0000   1.0000   1.0000   1.0000   1.0000   1.0000   1.0000
 3 11  1.0000   1.0000   1.0000   1.0000   1.0000   1.0000   1.0000
 4 11  1.0000   1.0000   1.0000   1.0000   1.0000   1.0000   1.0000
24 11  1.0000   1.0000   1.0000   1.0000   1.0000   1.0000   1.0000
46 11  1.0000   1.0000   1.0000   1.0000   1.0000   1.0000   1.0000
10 11  1.0000   1.0000   1.0000   1.0000   1.0000   1.0000   1.0000
 6 11  1.0000   1.0000   1.0000   1.0000   1.0000   1.0000   1.0000
43 11  1.0000   1.0000   1.0000   1.0000   1.0000   1.0000   1.0000
22 11  1.0000   1.0000   1.0000   1.0000   1.0000   1.0000   1.0000
 7 11  1.0000   1.0000   1.0000   1.0000   1.0000   1.0000   1.0000
 8 11  1.0000   1.0000   1.0000   1.0000   1.0000   1.0000   1.0000
11 11  1.0000   1.0000   1.0000   1.0000   1.0000   1.0000   1.0000
12 11  1.0000   1.0000   1.0000   1.0000   1.0000   1.0000   1.0000
14 11  1.0000   1.0000   1.0000   1.0000   1.0000   1.0000   1.0000
45 11  1.0000   1.0000   1.0000   1.0000   1.0000   1.0000   1.0000
16 11  1.0000   1.0000   1.0000   1.0000   1.0000   1.0000   1.0000
44 11  1.0000   1.0000   1.0000   1.0000   1.0000   1.0000   1.0000
17 11  1.0000   1.0000   1.0000   1.0000   1.0000   1.0000   1.0000
18 11  1.0000   1.0000   1.0000   1.0000   1.0000   1.0000   1.0000
19 11  1.0000   1.0000   1.0000   1.0000   1.0000   1.0000   1.0000
20 11  1.0000   1.0000   1.0000   1.0000   1.0000   1.0000   1.0000
21 11  1.0000   1.0000   1.0000   1.0000   1.0000   1.0000   1.0000
23 11  1.0000   1.0000   1.0000   1.0000   1.0000   1.0000   1.0000
48 11  1.0000   1.0000   1.0000   1.0000   1.0000   1.0000   1.0000
47 11  1.0000   1.0000   1.0000   1.0000   1.0000   1.0000   1.0000
42 11  1.0000   1.0000   1.0000   1.0000   1.0000   1.0000   1.0000
27 11  1.0000   1.0000   1.0000   1.0000   1.0000   1.0000   1.0000
51 11  1.0000   1.0000   1.0000   1.0000   1.0000   1.0000   1.0000
15 11  1.0000   1.0000   1.0000   1.0000   1.0000   1.0000   1.0000
 9 11  1.0000   1.0000   1.0000   1.0000   1.0000   1.0000   1.0000
 1 11  1.0000   1.0000   1.0000   1.0000   1.0000   1.0000   1.0000
40 11  1.0000   1.0000   1.0000   1.0000   1.0000   1.0000   1.0000
50 11  1.0000   1.0000   1.0000   1.0000   1.0000   1.0000   1.0000
49 11  1.0000   1.0000   1.0000   1.0000   1.0000   1.0000   1.0000
41 11  1.0000   1.0000   1.0000   1.0000   1.0000   1.0000   1.0000
52 11  1.0000   1.0000   1.0000   1.0000   1.0000   1.0000   1.0000
