12 22 3 10 0000. 1000. 2000. 3000. 4000. 5000. 6000. 7000. 8000. 9000.
ACFLX1   90.  0.1000E+01  0.0000E+00  0.0000E+00  0.1000E-09  0.1000E-09  0.1000E-09  0.1000E-09  0.1000E-09  0.1000E-09  0.1000E-09  0.1000E-09  0.1000E-09  0.1000E-09
ACFLX2   90.  0.0000E+00  0.1000E+01  0.0000E+00  0.1000E-09  0.1000E-09  0.1000E-09  0.1000E-09  0.1000E-09  0.1000E-09  0.1000E-09  0.1000E-09  0.1000E-09  0.1000E-09
ACFLX3   90.  0.0000E+00  0.0000E+00  0.1000E+01  0.1000E-09  0.1000E-09  0.1000E-09  0.1000E-09  0.1000E-09  0.1000E-09  0.1000E-09  0.1000E-09  0.1000E-09  0.1000E-09
O3       90.  0.0000E+00  0.0000E+00  0.0000E+00  0.0000E+00  0.0000E+00  0.0000E+00  0.0000E+00  0.0000E+00  0.0000E+00  0.0000E+00  0.0000E+00  0.0000E+00  0.0000E+00
NO2      90.  0.0000E+00  0.0000E+00  0.0000E+00  0.0000E+00  0.0000E+00  0.0000E+00  0.0000E+00  0.0000E+00  0.0000E+00  0.0000E+00  0.0000E+00  0.0000E+00  0.0000E+00
H2O2     90.  0.0000E+00  0.0000E+00  0.0000E+00  0.0000E+00  0.0000E+00  0.0000E+00  0.0000E+00  0.0000E+00  0.0000E+00  0.0000E+00  0.0000E+00  0.0000E+00  0.0000E+00
HNO3     90.  0.0000E+00  0.0000E+00  0.0000E+00  0.0000E+00  0.0000E+00  0.0000E+00  0.0000E+00  0.0000E+00  0.0000E+00  0.0000E+00  0.0000E+00  0.0000E+00  0.0000E+00
HCHO-1   90.  0.0000E+00  0.0000E+00  0.0000E+00  0.0000E+00  0.0000E+00  0.0000E+00  0.0000E+00  0.0000E+00  0.0000E+00  0.0000E+00  0.0000E+00  0.0000E+00  0.0000E+00
HCHO-2   90.  0.0000E+00  0.0000E+00  0.0000E+00  0.0000E+00  0.0000E+00  0.0000E+00  0.0000E+00  0.0000E+00  0.0000E+00  0.0000E+00  0.0000E+00  0.0000E+00  0.0000E+00
CH3CHO   90.  0.0000E+00  0.0000E+00  0.0000E+00  0.0000E+00  0.0000E+00  0.0000E+00  0.0000E+00  0.0000E+00  0.0000E+00  0.0000E+00  0.0000E+00  0.0000E+00  0.0000E+00
CH3COE   90.  0.0000E+00  0.0000E+00  0.0000E+00  0.0000E+00  0.0000E+00  0.0000E+00  0.0000E+00  0.0000E+00  0.0000E+00  0.0000E+00  0.0000E+00  0.0000E+00  0.0000E+00
CH3COY   90.  0.0000E+00  0.0000E+00  0.0000E+00  0.0000E+00  0.0000E+00  0.0000E+00  0.0000E+00  0.0000E+00  0.0000E+00  0.0000E+00  0.0000E+00  0.0000E+00  0.0000E+00
MGLYOX   90.  0.0000E+00  0.0000E+00  0.0000E+00  0.0000E+00  0.0000E+00  0.0000E+00  0.0000E+00  0.0000E+00  0.0000E+00  0.0000E+00  0.0000E+00  0.0000E+00  0.0000E+00
GLYOX    90.  0.0000E+00  0.0000E+00  0.0000E+00  0.0000E+00  0.0000E+00  0.0000E+00  0.0000E+00  0.0000E+00  0.0000E+00  0.0000E+00  0.0000E+00  0.0000E+00  0.0000E+00
MEMALD   90.  0.0000E+00  0.0000E+00  0.0000E+00  0.0000E+00  0.0000E+00  0.0000E+00  0.0000E+00  0.0000E+00  0.0000E+00  0.0000E+00  0.0000E+00  0.0000E+00  0.0000E+00
NO3-1    90.  0.0000E+00  0.0000E+00  0.0000E+00  0.0000E+00  0.0000E+00  0.0000E+00  0.0000E+00  0.0000E+00  0.0000E+00  0.0000E+00  0.0000E+00  0.0000E+00  0.0000E+00
NO3-2    90.  0.0000E+00  0.0000E+00  0.0000E+00  0.0000E+00  0.0000E+00  0.0000E+00  0.0000E+00  0.0000E+00  0.0000E+00  0.0000E+00  0.0000E+00  0.0000E+00  0.0000E+00
N2O5     90.  0.0000E+00  0.0000E+00  0.0000E+00  0.0000E+00  0.0000E+00  0.0000E+00  0.0000E+00  0.0000E+00  0.0000E+00  0.0000E+00  0.0000E+00  0.0000E+00  0.0000E+00
CH3O2H   90.  0.0000E+00  0.0000E+00  0.0000E+00  0.0000E+00  0.0000E+00  0.0000E+00  0.0000E+00  0.0000E+00  0.0000E+00  0.0000E+00  0.0000E+00  0.0000E+00  0.0000E+00
PPA      90.  0.0000E+00  0.0000E+00  0.0000E+00  0.0000E+00  0.0000E+00  0.0000E+00  0.0000E+00  0.0000E+00  0.0000E+00  0.0000E+00  0.0000E+00  0.0000E+00  0.0000E+00
oROOH    90.  0.0000E+00  0.0000E+00  0.0000E+00  0.0000E+00  0.0000E+00  0.0000E+00  0.0000E+00  0.0000E+00  0.0000E+00  0.0000E+00  0.0000E+00  0.0000E+00  0.0000E+00
obioH    90.  0.0000E+00  0.0000E+00  0.0000E+00  0.0000E+00  0.0000E+00  0.0000E+00  0.0000E+00  0.0000E+00  0.0000E+00  0.0000E+00  0.0000E+00  0.0000E+00  0.0000E+00
PANH     90.  0.0000E+00  0.0000E+00  0.0000E+00  0.0000E+00  0.0000E+00  0.0000E+00  0.0000E+00  0.0000E+00  0.0000E+00  0.0000E+00  0.0000E+00  0.0000E+00  0.0000E+00
PAN      90.  0.0000E+00  0.0000E+00  0.0000E+00  0.0000E+00  0.0000E+00  0.0000E+00  0.0000E+00  0.0000E+00  0.0000E+00  0.0000E+00  0.0000E+00  0.0000E+00  0.0000E+00
HONO     90.  0.0000E+00  0.0000E+00  0.0000E+00  0.0000E+00  0.0000E+00  0.0000E+00  0.0000E+00  0.0000E+00  0.0000E+00  0.0000E+00  0.0000E+00  0.0000E+00  0.0000E+00
ACFLX1   88.  0.1000E+01  0.0000E+00  0.0000E+00  0.6517E+11  0.8329E+11  0.9771E+11  0.1069E+12  0.1155E+12  0.1233E+12  0.1304E+12  0.1371E+12  0.1431E+12  0.1489E+12
ACFLX2   88.  0.0000E+00  0.1000E+01  0.0000E+00  0.5744E+13  0.6937E+13  0.7818E+13  0.8312E+13  0.8775E+13  0.9232E+13  0.9729E+13  0.1035E+14  0.1121E+14  0.1248E+14
ACFLX3   88.  0.0000E+00  0.0000E+00  0.1000E+01  0.2105E+14  0.3097E+14  0.7132E+14  0.8469E+14  0.9988E+14  0.1167E+15  0.1350E+15  0.1545E+15  0.1748E+15  0.1957E+15
O3       88.  0.9522E+00  0.4062E-01  0.6802E-02  0.6060E-07  0.7098E-07  0.7653E-07  0.7711E-07  0.7682E-07  0.7626E-07  0.7516E-07  0.7368E-07  0.7195E-07  0.7023E-07
NO2      88. -0.8459E+00  0.1536E+01  0.2901E+00  0.3083E-03  0.3613E-03  0.4105E-03  0.4411E-03  0.4786E-03  0.5278E-03  0.5945E-03  0.6858E-03  0.8093E-03  0.9726E-03
H2O2     88.  0.1682E+00  0.8448E+00 -0.1143E-01  0.1183E-06  0.1410E-06  0.1565E-06  0.1637E-06  0.1700E-06  0.1758E-06  0.1819E-06  0.1893E-06  0.1996E-06  0.2153E-06
HNO3     88.  0.4827E+00  0.5501E+00 -0.2808E-01  0.4623E-08  0.5443E-08  0.5941E-08  0.6090E-08  0.6180E-08  0.6224E-08  0.6240E-08  0.6249E-08  0.6280E-08  0.6371E-08
HCHO-1   88.  0.4463E+00  0.5986E+00 -0.3824E-01  0.3275E-06  0.4072E-06  0.4691E-06  0.5074E-06  0.5429E-06  0.5763E-06  0.6085E-06  0.6416E-06  0.6790E-06  0.7262E-06
HCHO-2   88.  0.8211E-01  0.9238E+00 -0.5172E-02  0.1010E-05  0.1251E-05  0.1443E-05  0.1570E-05  0.1696E-05  0.1825E-05  0.1966E-05  0.2130E-05  0.2351E-05  0.2655E-05
CH3CHO   88.  0.6896E+00  0.3471E+00 -0.3148E-01  0.2236E-07  0.3049E-07  0.3836E-07  0.4517E-07  0.5270E-07  0.6076E-07  0.6971E-07  0.7928E-07  0.9065E-07  0.1032E-06
CH3COE   88.  0.6789E+00  0.3598E+00 -0.3315E-01  0.1775E-07  0.2222E-07  0.2568E-07  0.2780E-07  0.2974E-07  0.3150E-07  0.3314E-07  0.3470E-07  0.3625E-07  0.3796E-07
CH3COY   88. -0.7274E+00  0.1044E+01  0.6848E+00  0.1038E-04  0.1212E-04  0.1624E-04  0.1856E-04  0.2162E-04  0.2557E-04  0.3058E-04  0.3680E-04  0.4428E-04  0.5305E-04
MGLYOX   88. -0.9392E+00  0.1452E+01  0.4736E+00  0.3686E-05  0.4271E-05  0.5045E-05  0.5538E-05  0.6196E-05  0.7086E-05  0.8282E-05  0.9863E-05  0.1190E-04  0.1443E-04
GLYOX    88. -0.6006E+00  0.8479E+00  0.7583E+00  0.2605E-05  0.3079E-05  0.4428E-05  0.5147E-05  0.6074E-05  0.7247E-05  0.8695E-05  0.1044E-04  0.1249E-04  0.1483E-04
MEMALD   88. -0.8459E+00  0.1536E+01  0.2901E+00  0.4008E-04  0.4697E-04  0.5336E-04  0.5734E-04  0.6222E-04  0.6861E-04  0.7728E-04  0.8915E-04  0.1052E-03  0.1264E-03
NO3-1    88.  0.2846E+00 -0.3846E+00  0.1054E+01  0.7293E-03  0.1979E-02  0.5455E-02  0.5988E-02  0.6516E-02  0.7029E-02  0.7521E-02  0.7990E-02  0.8424E-02  0.8840E-02
NO3-2    88.  0.2112E+00 -0.2776E+00  0.1038E+01  0.5838E-02  0.1227E-01  0.3258E-01  0.3677E-01  0.4116E-01  0.4567E-01  0.5026E-01  0.5487E-01  0.5941E-01  0.6393E-01
N2O5     88.  0.7322E-01  0.9129E+00  0.1242E-01  0.8187E-06  0.9082E-06  0.9380E-06  0.9106E-06  0.8749E-06  0.8345E-06  0.7934E-06  0.7559E-06  0.7259E-06  0.7067E-06
CH3O2H   88.  0.4692E-01  0.9433E+00  0.8139E-02  0.9995E-07  0.1213E-06  0.1372E-06  0.1464E-06  0.1550E-06  0.1636E-06  0.1729E-06  0.1842E-06  0.1993E-06  0.2207E-06
PPA      88.  0.4692E-01  0.9433E+00  0.8139E-02  0.9995E-07  0.1213E-06  0.1372E-06  0.1464E-06  0.1550E-06  0.1636E-06  0.1729E-06  0.1842E-06  0.1993E-06  0.2207E-06
oROOH    88.  0.4692E-01  0.9433E+00  0.8139E-02  0.9995E-07  0.1213E-06  0.1372E-06  0.1464E-06  0.1550E-06  0.1636E-06  0.1729E-06  0.1842E-06  0.1993E-06  0.2207E-06
obioH    88.  0.4692E-01  0.9433E+00  0.8139E-02  0.9995E-07  0.1213E-06  0.1372E-06  0.1464E-06  0.1550E-06  0.1636E-06  0.1729E-06  0.1842E-06  0.1993E-06  0.2207E-06
PANH     88.  0.4692E-01  0.9433E+00  0.8139E-02  0.9995E-07  0.1213E-06  0.1372E-06  0.1464E-06  0.1550E-06  0.1636E-06  0.1729E-06  0.1842E-06  0.1993E-06  0.2207E-06
PAN      88.  0.2960E+00  0.7286E+00 -0.2111E-01  0.8742E-08  0.9995E-08  0.1062E-07  0.1061E-07  0.1050E-07  0.1033E-07  0.1014E-07  0.9971E-08  0.9893E-08  0.9980E-08
HONO     88. -0.6225E+00  0.1444E+01  0.1607E+00  0.6600E-04  0.7796E-04  0.8731E-04  0.9273E-04  0.9875E-04  0.1061E-03  0.1159E-03  0.1295E-03  0.1487E-03  0.1755E-03
ACFLX1   86.  0.1000E+01  0.0000E+00  0.0000E+00  0.1108E+12  0.1416E+12  0.1662E+12  0.1819E+12  0.1964E+12  0.2097E+12  0.2220E+12  0.2335E+12  0.2442E+12  0.2548E+12
ACFLX2   86.  0.0000E+00  0.1000E+01  0.0000E+00  0.9637E+13  0.1166E+14  0.1328E+14  0.1429E+14  0.1541E+14  0.1675E+14  0.1847E+14  0.2074E+14  0.2377E+14  0.2773E+14
ACFLX3   86.  0.0000E+00  0.0000E+00  0.1000E+01  0.4139E+14  0.7741E+14  0.1431E+15  0.1616E+15  0.1810E+15  0.2010E+15  0.2212E+15  0.2415E+15  0.2616E+15  0.2811E+15
O3       86.  0.9018E+00  0.9852E-01 -0.2628E-02  0.1094E-06  0.1273E-06  0.1364E-06  0.1366E-06  0.1353E-06  0.1336E-06  0.1312E-06  0.1283E-06  0.1253E-06  0.1224E-06
NO2      86. -0.3311E+00  0.1004E+01  0.3223E+00  0.5127E-03  0.6201E-03  0.7655E-03  0.8565E-03  0.9696E-03  0.1111E-02  0.1286E-02  0.1500E-02  0.1757E-02  0.2057E-02
H2O2     86.  0.1660E+00  0.8528E+00 -0.1684E-01  0.2086E-06  0.2491E-06  0.2789E-06  0.2946E-06  0.3109E-06  0.3295E-06  0.3530E-06  0.3841E-06  0.4256E-06  0.4805E-06
HNO3     86.  0.4571E+00  0.5852E+00 -0.3717E-01  0.8519E-08  0.1004E-07  0.1101E-07  0.1134E-07  0.1160E-07  0.1185E-07  0.1213E-07  0.1252E-07  0.1307E-07  0.1384E-07
HCHO-1   86.  0.4136E+00  0.6426E+00 -0.4976E-01  0.6120E-06  0.7616E-06  0.8798E-06  0.9554E-06  0.1030E-05  0.1109E-05  0.1198E-05  0.1306E-05  0.1444E-05  0.1625E-05
HCHO-2   86.  0.8643E-01  0.9257E+00 -0.1130E-01  0.1763E-05  0.2185E-05  0.2543E-05  0.2795E-05  0.3073E-05  0.3397E-05  0.3802E-05  0.4325E-05  0.5027E-05  0.5943E-05
CH3CHO   86.  0.6600E+00  0.3875E+00 -0.4133E-01  0.4263E-07  0.5812E-07  0.7320E-07  0.8633E-07  0.1011E-06  0.1174E-06  0.1364E-06  0.1581E-06  0.1860E-06  0.2198E-06
CH3COE   86.  0.6515E+00  0.3987E+00 -0.4371E-01  0.3411E-07  0.4268E-07  0.4936E-07  0.5351E-07  0.5743E-07  0.6127E-07  0.6524E-07  0.6967E-07  0.7490E-07  0.8147E-07
CH3COY   86. -0.2391E+00  0.5443E+00  0.6990E+00  0.1742E-04  0.2326E-04  0.3503E-04  0.4060E-04  0.4718E-04  0.5479E-04  0.6344E-04  0.7309E-04  0.8360E-04  0.9482E-04
MGLYOX   86. -0.3305E+00  0.8235E+00  0.5060E+00  0.6132E-05  0.7602E-05  0.1017E-04  0.1162E-04  0.1341E-04  0.1559E-04  0.1818E-04  0.2121E-04  0.2467E-04  0.2852E-04
GLYOX    86. -0.1918E+00  0.4335E+00  0.7634E+00  0.4427E-05  0.6168E-05  0.9739E-05  0.1131E-04  0.1312E-04  0.1518E-04  0.1746E-04  0.1995E-04  0.2262E-04  0.2541E-04
MEMALD   86. -0.3311E+00  0.1004E+01  0.3223E+00  0.6665E-04  0.8061E-04  0.9951E-04  0.1113E-03  0.1260E-03  0.1444E-03  0.1672E-03  0.1950E-03  0.2284E-03  0.2674E-03
NO3-1    86.  0.1098E+00 -0.2265E+00  0.1104E+01  0.2085E-02  0.4790E-02  0.8440E-02  0.8977E-02  0.9493E-02  0.9982E-02  0.1044E-01  0.1088E-01  0.1127E-01  0.1165E-01
NO3-2    86.  0.7822E-01 -0.1529E+00  0.1067E+01  0.1432E-01  0.3081E-01  0.5564E-01  0.6050E-01  0.6538E-01  0.7018E-01  0.7489E-01  0.7946E-01  0.8384E-01  0.8806E-01
N2O5     86.  0.1242E+00  0.8598E+00  0.1732E-01  0.1427E-05  0.1592E-05  0.1672E-05  0.1647E-05  0.1616E-05  0.1586E-05  0.1563E-05  0.1554E-05  0.1558E-05  0.1576E-05
CH3O2H   86.  0.8183E-01  0.9120E+00  0.6085E-02  0.1746E-06  0.2125E-06  0.2434E-06  0.2629E-06  0.2840E-06  0.3084E-06  0.3387E-06  0.3777E-06  0.4284E-06  0.4937E-06
PPA      86.  0.8183E-01  0.9120E+00  0.6085E-02  0.1746E-06  0.2125E-06  0.2434E-06  0.2629E-06  0.2840E-06  0.3084E-06  0.3387E-06  0.3777E-06  0.4284E-06  0.4937E-06
oROOH    86.  0.8183E-01  0.9120E+00  0.6085E-02  0.1746E-06  0.2125E-06  0.2434E-06  0.2629E-06  0.2840E-06  0.3084E-06  0.3387E-06  0.3777E-06  0.4284E-06  0.4937E-06
obioH    86.  0.8183E-01  0.9120E+00  0.6085E-02  0.1746E-06  0.2125E-06  0.2434E-06  0.2629E-06  0.2840E-06  0.3084E-06  0.3387E-06  0.3777E-06  0.4284E-06  0.4937E-06
PANH     86.  0.8183E-01  0.9120E+00  0.6085E-02  0.1746E-06  0.2125E-06  0.2434E-06  0.2629E-06  0.2840E-06  0.3084E-06  0.3387E-06  0.3777E-06  0.4284E-06  0.4937E-06
PAN      86.  0.2780E+00  0.7547E+00 -0.2906E-01  0.1571E-07  0.1800E-07  0.1924E-07  0.1936E-07  0.1941E-07  0.1948E-07  0.1969E-07  0.2014E-07  0.2093E-07  0.2213E-07
HONO     86. -0.2821E+00  0.1089E+01  0.1867E+00  0.1100E-03  0.1317E-03  0.1550E-03  0.1702E-03  0.1890E-03  0.2127E-03  0.2430E-03  0.2815E-03  0.3292E-03  0.3871E-03
ACFLX1   83.  0.1000E+01  0.0000E+00  0.0000E+00  0.2368E+12  0.3028E+12  0.3561E+12  0.3909E+12  0.4241E+12  0.4563E+12  0.4885E+12  0.5219E+12  0.5571E+12  0.5967E+12
ACFLX2   83.  0.0000E+00  0.1000E+01  0.0000E+00  0.1664E+14  0.2056E+14  0.2459E+14  0.2732E+14  0.3053E+14  0.3434E+14  0.3890E+14  0.4431E+14  0.5062E+14  0.5779E+14
ACFLX3   83.  0.0000E+00  0.0000E+00  0.1000E+01  0.9226E+14  0.1597E+15  0.2371E+15  0.2567E+15  0.2760E+15  0.2950E+15  0.3133E+15  0.3310E+15  0.3477E+15  0.3635E+15
O3       83.  0.8563E+00  0.1547E+00 -0.1294E-01  0.2352E-06  0.2728E-06  0.2927E-06  0.2934E-06  0.2916E-06  0.2898E-06  0.2871E-06  0.2839E-06  0.2805E-06  0.2776E-06
NO2      83. -0.1185E+00  0.7559E+00  0.3610E+00  0.8996E-03  0.1181E-02  0.1560E-02  0.1770E-02  0.2010E-02  0.2283E-02  0.2588E-02  0.2926E-02  0.3291E-02  0.3680E-02
H2O2     83.  0.1304E+00  0.9029E+00 -0.3349E-01  0.3870E-06  0.4702E-06  0.5464E-06  0.5923E-06  0.6441E-06  0.7048E-06  0.7771E-06  0.8631E-06  0.9640E-06  0.1080E-05
HNO3     83.  0.3502E+00  0.7152E+00 -0.6564E-01  0.1713E-07  0.2042E-07  0.2292E-07  0.2407E-07  0.2524E-07  0.2653E-07  0.2803E-07  0.2980E-07  0.3186E-07  0.3424E-07
HCHO-1   83.  0.2847E+00  0.7992E+00 -0.8370E-01  0.1226E-05  0.1539E-05  0.1819E-05  0.2014E-05  0.2228E-05  0.2474E-05  0.2765E-05  0.3114E-05  0.3530E-05  0.4024E-05
HCHO-2   83.  0.6535E-01  0.9603E+00 -0.2626E-01  0.3199E-05  0.4037E-05  0.4890E-05  0.5523E-05  0.6267E-05  0.7156E-05  0.8237E-05  0.9538E-05  0.1112E-04  0.1296E-04
CH3CHO   83.  0.4993E+00  0.5747E+00 -0.7466E-01  0.9241E-07  0.1266E-06  0.1616E-06  0.1931E-06  0.2304E-06  0.2743E-06  0.3284E-06  0.3940E-06  0.4791E-06  0.5831E-06
CH3COE   83.  0.4866E+00  0.5904E+00 -0.7778E-01  0.7418E-07  0.9326E-07  0.1094E-06  0.1201E-06  0.1314E-06  0.1437E-06  0.1578E-06  0.1744E-06  0.1939E-06  0.2171E-06
CH3COY   83. -0.8850E-01  0.3788E+00  0.7086E+00  0.3269E-04  0.4870E-04  0.7066E-04  0.7961E-04  0.8925E-04  0.9947E-04  0.1102E-03  0.1212E-03  0.1323E-03  0.1435E-03
MGLYOX   83. -0.1174E+00  0.5803E+00  0.5355E+00  0.1103E-04  0.1526E-04  0.2119E-04  0.2406E-04  0.2725E-04  0.3075E-04  0.3454E-04  0.3857E-04  0.4279E-04  0.4713E-04
GLYOX    83. -0.6528E-01  0.3011E+00  0.7634E+00  0.8554E-05  0.1313E-04  0.1926E-04  0.2158E-04  0.2405E-04  0.2662E-04  0.2927E-04  0.3197E-04  0.3467E-04  0.3735E-04
MEMALD   83. -0.1185E+00  0.7559E+00  0.3610E+00  0.1169E-03  0.1535E-03  0.2028E-03  0.2301E-03  0.2613E-03  0.2968E-03  0.3364E-03  0.3804E-03  0.4278E-03  0.4784E-03
NO3-1    83.  0.5013E-01 -0.1802E+00  0.1135E+01  0.4916E-02  0.8478E-02  0.1180E-01  0.1227E-01  0.1272E-01  0.1314E-01  0.1353E-01  0.1389E-01  0.1422E-01  0.1453E-01
NO3-2    83.  0.3556E-01 -0.1160E+00  0.1083E+01  0.3362E-01  0.5838E-01  0.8349E-01  0.8823E-01  0.9280E-01  0.9718E-01  0.1013E+00  0.1053E+00  0.1090E+00  0.1124E+00
N2O5     83.  0.1273E+00  0.8575E+00  0.1560E-01  0.2615E-05  0.2994E-05  0.3292E-05  0.3330E-05  0.3363E-05  0.3395E-05  0.3428E-05  0.3461E-05  0.3487E-05  0.3497E-05
CH3O2H   83.  0.8422E-01  0.9181E+00 -0.2919E-02  0.3200E-06  0.3979E-06  0.4759E-06  0.5281E-06  0.5878E-06  0.6576E-06  0.7401E-06  0.8376E-06  0.9511E-06  0.1081E-05
PPA      83.  0.8422E-01  0.9181E+00 -0.2919E-02  0.3200E-06  0.3979E-06  0.4759E-06  0.5281E-06  0.5878E-06  0.6576E-06  0.7401E-06  0.8376E-06  0.9511E-06  0.1081E-05
oROOH    83.  0.8422E-01  0.9181E+00 -0.2919E-02  0.3200E-06  0.3979E-06  0.4759E-06  0.5281E-06  0.5878E-06  0.6576E-06  0.7401E-06  0.8376E-06  0.9511E-06  0.1081E-05
obioH    83.  0.8422E-01  0.9181E+00 -0.2919E-02  0.3200E-06  0.3979E-06  0.4759E-06  0.5281E-06  0.5878E-06  0.6576E-06  0.7401E-06  0.8376E-06  0.9511E-06  0.1081E-05
PANH     83.  0.8422E-01  0.9181E+00 -0.2919E-02  0.3200E-06  0.3979E-06  0.4759E-06  0.5281E-06  0.5878E-06  0.6576E-06  0.7401E-06  0.8376E-06  0.9511E-06  0.1081E-05
PAN      83.  0.2109E+00  0.8419E+00 -0.5285E-01  0.3008E-07  0.3494E-07  0.3853E-07  0.3968E-07  0.4092E-07  0.4237E-07  0.4415E-07  0.4632E-07  0.4885E-07  0.5171E-07
HONO     83. -0.1082E+00  0.8809E+00  0.2253E+00  0.1908E-03  0.2423E-03  0.3072E-03  0.3466E-03  0.3925E-03  0.4456E-03  0.5066E-03  0.5757E-03  0.6522E-03  0.7353E-03
ACFLX1   80.  0.1000E+01  0.0000E+00  0.0000E+00  0.5041E+12  0.6488E+12  0.7739E+12  0.8596E+12  0.9473E+12  0.1039E+13  0.1138E+13  0.1247E+13  0.1366E+13  0.1504E+13
ACFLX2   80.  0.0000E+00  0.1000E+01  0.0000E+00  0.2499E+14  0.3202E+14  0.3969E+14  0.4462E+14  0.5011E+14  0.5625E+14  0.6305E+14  0.7051E+14  0.7854E+14  0.8704E+14
ACFLX3   80.  0.0000E+00  0.0000E+00  0.1000E+01  0.1502E+15  0.2308E+15  0.3060E+15  0.3240E+15  0.3414E+15  0.3579E+15  0.3736E+15  0.3883E+15  0.4021E+15  0.4148E+15
O3       80.  0.9121E+00  0.9394E-01 -0.3976E-02  0.4568E-06  0.5358E-06  0.5857E-06  0.5943E-06  0.5990E-06  0.6044E-06  0.6080E-06  0.6104E-06  0.6114E-06  0.6130E-06
NO2      80. -0.7563E-01  0.7084E+00  0.3624E+00  0.1394E-02  0.1905E-02  0.2499E-02  0.2802E-02  0.3128E-02  0.3477E-02  0.3844E-02  0.4228E-02  0.4623E-02  0.5023E-02
H2O2     80.  0.1372E+00  0.9075E+00 -0.4495E-01  0.6168E-06  0.7717E-06  0.9260E-06  0.1017E-05  0.1116E-05  0.1226E-05  0.1347E-05  0.1480E-05  0.1625E-05  0.1780E-05
HNO3     80.  0.3554E+00  0.7238E+00 -0.7966E-01  0.2952E-07  0.3597E-07  0.4157E-07  0.4435E-07  0.4721E-07  0.5022E-07  0.5345E-07  0.5691E-07  0.6055E-07  0.6439E-07
HCHO-1   80.  0.2662E+00  0.8367E+00 -0.1031E+00  0.2068E-05  0.2651E-05  0.3227E-05  0.3630E-05  0.4075E-05  0.4574E-05  0.5138E-05  0.5775E-05  0.6485E-05  0.7272E-05
HCHO-2   80.  0.6766E-01  0.9679E+00 -0.3594E-01  0.4986E-05  0.6488E-05  0.8122E-05  0.9285E-05  0.1062E-04  0.1213E-04  0.1387E-04  0.1583E-04  0.1805E-04  0.2048E-04
CH3CHO   80.  0.4828E+00  0.6067E+00 -0.9095E-01  0.1709E-06  0.2377E-06  0.3111E-06  0.3775E-06  0.4579E-06  0.5535E-06  0.6711E-06  0.8113E-06  0.9884E-06  0.1197E-05
CH3COE   80.  0.4645E+00  0.6298E+00 -0.9586E-01  0.1366E-06  0.1744E-06  0.2097E-06  0.2340E-06  0.2602E-06  0.2891E-06  0.3214E-06  0.3578E-06  0.3983E-06  0.4437E-06
CH3COY   80. -0.6431E-01  0.3593E+00  0.6994E+00  0.5260E-04  0.7739E-04  0.1046E-03  0.1149E-03  0.1254E-03  0.1361E-03  0.1467E-03  0.1573E-03  0.1676E-03  0.1776E-03
MGLYOX   80. -0.7664E-01  0.5404E+00  0.5303E+00  0.1748E-04  0.2475E-04  0.3308E-04  0.3678E-04  0.4067E-04  0.4470E-04  0.4885E-04  0.5306E-04  0.5728E-04  0.6144E-04
GLYOX    80. -0.3865E-01  0.2849E+00  0.7489E+00  0.1392E-04  0.2071E-04  0.2797E-04  0.3055E-04  0.3316E-04  0.3578E-04  0.3838E-04  0.4094E-04  0.4343E-04  0.4583E-04
MEMALD   80. -0.7563E-01  0.7084E+00  0.3624E+00  0.1812E-03  0.2476E-03  0.3249E-03  0.3643E-03  0.4066E-03  0.4520E-03  0.4997E-03  0.5496E-03  0.6010E-03  0.6530E-03
NO3-1    80.  0.4519E-01 -0.1903E+00  0.1155E+01  0.7595E-02  0.1122E-01  0.1409E-01  0.1450E-01  0.1488E-01  0.1523E-01  0.1556E-01  0.1586E-01  0.1613E-01  0.1639E-01
NO3-2    80.  0.3213E-01 -0.1204E+00  0.1093E+01  0.5341E-01  0.8036E-01  0.1033E+00  0.1075E+00  0.1115E+00  0.1153E+00  0.1188E+00  0.1221E+00  0.1252E+00  0.1280E+00
N2O5     80.  0.1502E+00  0.8398E+00  0.1033E-01  0.4140E-05  0.4901E-05  0.5550E-05  0.5676E-05  0.5772E-05  0.5838E-05  0.5873E-05  0.5872E-05  0.5826E-05  0.5731E-05
CH3O2H   80.  0.1000E+00  0.9109E+00 -0.1174E-01  0.5058E-06  0.6494E-06  0.8009E-06  0.8986E-06  0.1007E-05  0.1127E-05  0.1260E-05  0.1407E-05  0.1566E-05  0.1737E-05
PPA      80.  0.1000E+00  0.9109E+00 -0.1174E-01  0.5058E-06  0.6494E-06  0.8009E-06  0.8986E-06  0.1007E-05  0.1127E-05  0.1260E-05  0.1407E-05  0.1566E-05  0.1737E-05
oROOH    80.  0.1000E+00  0.9109E+00 -0.1174E-01  0.5058E-06  0.6494E-06  0.8009E-06  0.8986E-06  0.1007E-05  0.1127E-05  0.1260E-05  0.1407E-05  0.1566E-05  0.1737E-05
obioH    80.  0.1000E+00  0.9109E+00 -0.1174E-01  0.5058E-06  0.6494E-06  0.8009E-06  0.8986E-06  0.1007E-05  0.1127E-05  0.1260E-05  0.1407E-05  0.1566E-05  0.1737E-05
PANH     80.  0.1000E+00  0.9109E+00 -0.1174E-01  0.5058E-06  0.6494E-06  0.8009E-06  0.8986E-06  0.1007E-05  0.1127E-05  0.1260E-05  0.1407E-05  0.1566E-05  0.1737E-05
PAN      80.  0.2177E+00  0.8487E+00 -0.6664E-01  0.4935E-07  0.5883E-07  0.6690E-07  0.6991E-07  0.7294E-07  0.7607E-07  0.7933E-07  0.8272E-07  0.8611E-07  0.8944E-07
HONO     80. -0.7090E-01  0.8347E+00  0.2321E+00  0.2917E-03  0.3875E-03  0.4987E-03  0.5605E-03  0.6281E-03  0.7014E-03  0.7800E-03  0.8633E-03  0.9501E-03  0.1039E-02
ACFLX1   75.  0.1000E+01  0.0000E+00  0.0000E+00  0.1484E+13  0.1957E+13  0.2403E+13  0.2712E+13  0.3035E+13  0.3374E+13  0.3733E+13  0.4116E+13  0.4520E+13  0.4961E+13
ACFLX2   75.  0.0000E+00  0.1000E+01  0.0000E+00  0.4186E+14  0.5522E+14  0.6855E+14  0.7632E+14  0.8437E+14  0.9268E+14  0.1012E+15  0.1098E+15  0.1185E+15  0.1271E+15
ACFLX3   75.  0.0000E+00  0.0000E+00  0.1000E+01  0.2367E+15  0.3187E+15  0.3829E+15  0.3978E+15  0.4118E+15  0.4249E+15  0.4370E+15  0.4482E+15  0.4585E+15  0.4679E+15
O3       75.  0.9704E+00  0.3180E-01  0.2530E-02  0.1157E-05  0.1404E-05  0.1586E-05  0.1642E-05  0.1687E-05  0.1732E-05  0.1769E-05  0.1799E-05  0.1823E-05  0.1847E-05
NO2      75. -0.2434E-01  0.6632E+00  0.3538E+00  0.2374E-02  0.3207E-02  0.4014E-02  0.4399E-02  0.4788E-02  0.5179E-02  0.5568E-02  0.5954E-02  0.6331E-02  0.6696E-02
H2O2     75.  0.1623E+00  0.8928E+00 -0.5451E-01  0.1118E-05  0.1440E-05  0.1743E-05  0.1909E-05  0.2077E-05  0.2249E-05  0.2423E-05  0.2599E-05  0.2776E-05  0.2954E-05
HNO3     75.  0.4051E+00  0.6800E+00 -0.8412E-01  0.5991E-07  0.7533E-07  0.8879E-07  0.9534E-07  0.1016E-06  0.1077E-06  0.1135E-06  0.1192E-06  0.1245E-06  0.1296E-06
HCHO-1   75.  0.2751E+00  0.8391E+00 -0.1129E+00  0.3994E-05  0.5274E-05  0.6536E-05  0.7370E-05  0.8249E-05  0.9176E-05  0.1015E-04  0.1118E-04  0.1224E-04  0.1334E-04
HCHO-2   75.  0.7969E-01  0.9644E+00 -0.4392E-01  0.8723E-05  0.1168E-04  0.1471E-04  0.1671E-04  0.1887E-04  0.2117E-04  0.2364E-04  0.2624E-04  0.2901E-04  0.3185E-04
CH3CHO   75.  0.5344E+00  0.5545E+00 -0.8880E-01  0.3801E-06  0.5439E-06  0.7283E-06  0.8907E-06  0.1084E-05  0.1308E-05  0.1574E-05  0.1879E-05  0.2248E-05  0.2664E-05
CH3COE   75.  0.5118E+00  0.5824E+00 -0.9412E-01  0.2998E-06  0.3940E-06  0.4848E-06  0.5450E-06  0.6082E-06  0.6744E-06  0.7440E-06  0.8173E-06  0.8934E-06  0.9734E-06
CH3COY   75. -0.3143E-01  0.3369E+00  0.6862E+00  0.8839E-04  0.1208E-03  0.1499E-03  0.1603E-03  0.1705E-03  0.1804E-03  0.1899E-03  0.1989E-03  0.2074E-03  0.2154E-03
MGLYOX   75. -0.1948E-01  0.4942E+00  0.5164E+00  0.2987E-04  0.4065E-04  0.5074E-04  0.5497E-04  0.5917E-04  0.6332E-04  0.6737E-04  0.7132E-04  0.7511E-04  0.7872E-04
GLYOX    75. -0.5429E-03  0.2686E+00  0.7252E+00  0.2343E-04  0.3201E-04  0.3953E-04  0.4213E-04  0.4466E-04  0.4711E-04  0.4946E-04  0.5170E-04  0.5383E-04  0.5584E-04
MEMALD   75. -0.2434E-01  0.6632E+00  0.3538E+00  0.3086E-03  0.4169E-03  0.5218E-03  0.5719E-03  0.6224E-03  0.6733E-03  0.7238E-03  0.7740E-03  0.8230E-03  0.8705E-03
NO3-1    75.  0.3826E-01 -0.2026E+00  0.1176E+01  0.1113E-01  0.1435E-01  0.1658E-01  0.1690E-01  0.1719E-01  0.1746E-01  0.1771E-01  0.1793E-01  0.1814E-01  0.1833E-01
NO3-2    75.  0.2270E-01 -0.1196E+00  0.1103E+01  0.8100E-01  0.1064E+00  0.1251E+00  0.1285E+00  0.1317E+00  0.1347E+00  0.1374E+00  0.1399E+00  0.1422E+00  0.1443E+00
N2O5     75.  0.1729E+00  0.8332E+00 -0.4556E-02  0.7424E-05  0.9026E-05  0.1026E-04  0.1046E-04  0.1055E-04  0.1054E-04  0.1042E-04  0.1021E-04  0.9910E-05  0.9521E-05
CH3O2H   75.  0.1318E+00  0.8906E+00 -0.2237E-01  0.9061E-06  0.1195E-05  0.1480E-05  0.1651E-05  0.1829E-05  0.2014E-05  0.2204E-05  0.2400E-05  0.2598E-05  0.2798E-05
PPA      75.  0.1318E+00  0.8906E+00 -0.2237E-01  0.9061E-06  0.1195E-05  0.1480E-05  0.1651E-05  0.1829E-05  0.2014E-05  0.2204E-05  0.2400E-05  0.2598E-05  0.2798E-05
oROOH    75.  0.1318E+00  0.8906E+00 -0.2237E-01  0.9061E-06  0.1195E-05  0.1480E-05  0.1651E-05  0.1829E-05  0.2014E-05  0.2204E-05  0.2400E-05  0.2598E-05  0.2798E-05
obioH    75.  0.1318E+00  0.8906E+00 -0.2237E-01  0.9061E-06  0.1195E-05  0.1480E-05  0.1651E-05  0.1829E-05  0.2014E-05  0.2204E-05  0.2400E-05  0.2598E-05  0.2798E-05
PANH     75.  0.1318E+00  0.8906E+00 -0.2237E-01  0.9061E-06  0.1195E-05  0.1480E-05  0.1651E-05  0.1829E-05  0.2014E-05  0.2204E-05  0.2400E-05  0.2598E-05  0.2798E-05
PAN      75.  0.2518E+00  0.8246E+00 -0.7555E-01  0.9327E-07  0.1146E-06  0.1321E-06  0.1381E-06  0.1434E-06  0.1480E-06  0.1519E-06  0.1551E-06  0.1576E-06  0.1594E-06
HONO     75. -0.2302E-01  0.7853E+00  0.2317E+00  0.4950E-03  0.6628E-03  0.8280E-03  0.9125E-03  0.9985E-03  0.1086E-02  0.1173E-02  0.1260E-02  0.1346E-02  0.1429E-02
ACFLX1   70.  0.1000E+01  0.0000E+00  0.0000E+00  0.3324E+13  0.4442E+13  0.5475E+13  0.6165E+13  0.6864E+13  0.7570E+13  0.8286E+13  0.9014E+13  0.9747E+13  0.1051E+14
ACFLX2   70.  0.0000E+00  0.1000E+01  0.0000E+00  0.6093E+14  0.7965E+14  0.9648E+14  0.1058E+15  0.1150E+15  0.1240E+15  0.1328E+15  0.1413E+15  0.1495E+15  0.1573E+15
ACFLX3   70.  0.0000E+00  0.0000E+00  0.1000E+01  0.3057E+15  0.3802E+15  0.4331E+15  0.4456E+15  0.4571E+15  0.4676E+15  0.4773E+15  0.4862E+15  0.4943E+15  0.5016E+15
O3       70.  0.1036E+01 -0.4631E-01  0.1044E-01  0.2442E-05  0.3027E-05  0.3462E-05  0.3617E-05  0.3743E-05  0.3862E-05  0.3958E-05  0.4035E-05  0.4095E-05  0.4153E-05
NO2      70.  0.4184E-02  0.6493E+00  0.3408E+00  0.3400E-02  0.4423E-02  0.5304E-02  0.5716E-02  0.6116E-02  0.6503E-02  0.6876E-02  0.7233E-02  0.7572E-02  0.7892E-02
H2O2     70.  0.1833E+00  0.8767E+00 -0.6028E-01  0.1740E-05  0.2237E-05  0.2665E-05  0.2887E-05  0.3100E-05  0.3304E-05  0.3500E-05  0.3688E-05  0.3868E-05  0.4041E-05
HNO3     70.  0.4666E+00  0.6143E+00 -0.8168E-01  0.1031E-06  0.1305E-06  0.1529E-06  0.1633E-06  0.1727E-06  0.1810E-06  0.1885E-06  0.1951E-06  0.2008E-06  0.2058E-06
HCHO-1   70.  0.2968E+00  0.8164E+00 -0.1129E+00  0.6510E-05  0.8628E-05  0.1058E-04  0.1182E-04  0.1307E-04  0.1432E-04  0.1558E-04  0.1684E-04  0.1809E-04  0.1934E-04
HCHO-2   70.  0.9296E-01  0.9550E+00 -0.4761E-01  0.1314E-04  0.1750E-04  0.2161E-04  0.2422E-04  0.2692E-04  0.2968E-04  0.3251E-04  0.3537E-04  0.3832E-04  0.4126E-04
CH3CHO   70.  0.5937E+00  0.4838E+00 -0.7797E-01  0.6985E-06  0.1008E-05  0.1344E-05  0.1634E-05  0.1970E-05  0.2349E-05  0.2785E-05  0.3269E-05  0.3841E-05  0.4466E-05
CH3COE   70.  0.5628E+00  0.5227E+00 -0.8612E-01  0.5430E-06  0.7197E-06  0.8818E-06  0.9854E-06  0.1089E-05  0.1194E-05  0.1298E-05  0.1403E-05  0.1507E-05  0.1612E-05
CH3COY   70.  0.6319E-03  0.3170E+00  0.6759E+00  0.1216E-03  0.1559E-03  0.1832E-03  0.1930E-03  0.2022E-03  0.2110E-03  0.2192E-03  0.2268E-03  0.2339E-03  0.2404E-03
MGLYOX   70.  0.2098E-01  0.4721E+00  0.5002E+00  0.4228E-04  0.5469E-04  0.6500E-04  0.6929E-04  0.7341E-04  0.7734E-04  0.8108E-04  0.8463E-04  0.8795E-04  0.9105E-04
GLYOX    70.  0.1751E-01  0.2774E+00  0.6993E+00  0.3225E-04  0.4124E-04  0.4832E-04  0.5082E-04  0.5319E-04  0.5544E-04  0.5755E-04  0.5953E-04  0.6138E-04  0.6310E-04
MEMALD   70.  0.4184E-02  0.6493E+00  0.3408E+00  0.4420E-03  0.5750E-03  0.6895E-03  0.7431E-03  0.7951E-03  0.8454E-03  0.8939E-03  0.9403E-03  0.9844E-03  0.1026E-02
NO3-1    70.  0.1182E-01 -0.1885E+00  0.1185E+01  0.1373E-01  0.1644E-01  0.1820E-01  0.1845E-01  0.1869E-01  0.1890E-01  0.1910E-01  0.1927E-01  0.1943E-01  0.1958E-01
NO3-2    70.  0.9833E-02 -0.1127E+00  0.1107E+01  0.1021E+00  0.1243E+00  0.1393E+00  0.1421E+00  0.1447E+00  0.1471E+00  0.1493E+00  0.1513E+00  0.1531E+00  0.1548E+00
N2O5     70.  0.1789E+00  0.8425E+00 -0.2215E-01  0.1142E-04  0.1382E-04  0.1544E-04  0.1559E-04  0.1555E-04  0.1534E-04  0.1496E-04  0.1445E-04  0.1382E-04  0.1308E-04
CH3O2H   70.  0.1595E+00  0.8698E+00 -0.2967E-01  0.1395E-05  0.1830E-05  0.2224E-05  0.2452E-05  0.2678E-05  0.2901E-05  0.3120E-05  0.3336E-05  0.3546E-05  0.3750E-05
PPA      70.  0.1595E+00  0.8698E+00 -0.2967E-01  0.1395E-05  0.1830E-05  0.2224E-05  0.2452E-05  0.2678E-05  0.2901E-05  0.3120E-05  0.3336E-05  0.3546E-05  0.3750E-05
oROOH    70.  0.1595E+00  0.8698E+00 -0.2967E-01  0.1395E-05  0.1830E-05  0.2224E-05  0.2452E-05  0.2678E-05  0.2901E-05  0.3120E-05  0.3336E-05  0.3546E-05  0.3750E-05
obioH    70.  0.1595E+00  0.8698E+00 -0.2967E-01  0.1395E-05  0.1830E-05  0.2224E-05  0.2452E-05  0.2678E-05  0.2901E-05  0.3120E-05  0.3336E-05  0.3546E-05  0.3750E-05
PANH     70.  0.1595E+00  0.8698E+00 -0.2967E-01  0.1395E-05  0.1830E-05  0.2224E-05  0.2452E-05  0.2678E-05  0.2901E-05  0.3120E-05  0.3336E-05  0.3546E-05  0.3750E-05
PAN      70.  0.2929E+00  0.7854E+00 -0.7875E-01  0.1509E-06  0.1857E-06  0.2115E-06  0.2192E-06  0.2250E-06  0.2290E-06  0.2315E-06  0.2325E-06  0.2322E-06  0.2308E-06
HONO     70.  0.6413E-02  0.7640E+00  0.2252E+00  0.7149E-03  0.9315E-03  0.1121E-02  0.1215E-02  0.1306E-02  0.1394E-02  0.1480E-02  0.1562E-02  0.1639E-02  0.1713E-02
ACFLX1   60.  0.1000E+01  0.0000E+00  0.0000E+00  0.9427E+13  0.1235E+14  0.1478E+14  0.1634E+14  0.1781E+14  0.1920E+14  0.2051E+14  0.2176E+14  0.2293E+14  0.2408E+14
ACFLX2   60.  0.0000E+00  0.1000E+01  0.0000E+00  0.9885E+14  0.1232E+15  0.1420E+15  0.1522E+15  0.1617E+15  0.1704E+15  0.1784E+15  0.1857E+15  0.1924E+15  0.1984E+15
ACFLX3   60.  0.0000E+00  0.0000E+00  0.1000E+01  0.4058E+15  0.4612E+15  0.4963E+15  0.5054E+15  0.5136E+15  0.5211E+15  0.5278E+15  0.5339E+15  0.5394E+15  0.5443E+15
O3       60.  0.1219E+01 -0.2500E+00  0.3304E-01  0.7151E-05  0.8849E-05  0.1002E-04  0.1048E-04  0.1084E-04  0.1115E-04  0.1138E-04  0.1155E-04  0.1167E-04  0.1176E-04
NO2      60.  0.1725E-01  0.6620E+00  0.3187E+00  0.5263E-02  0.6390E-02  0.7230E-02  0.7635E-02  0.8009E-02  0.8355E-02  0.8674E-02  0.8966E-02  0.9234E-02  0.9478E-02
H2O2     60.  0.2653E+00  0.8019E+00 -0.6830E-01  0.3160E-05  0.3920E-05  0.4485E-05  0.4766E-05  0.5015E-05  0.5234E-05  0.5427E-05  0.5598E-05  0.5749E-05  0.5886E-05
HNO3     60.  0.6150E+00  0.4569E+00 -0.7309E-01  0.2203E-06  0.2726E-06  0.3099E-06  0.3263E-06  0.3394E-06  0.3496E-06  0.3573E-06  0.3628E-06  0.3663E-06  0.3685E-06
HCHO-1   60.  0.3700E+00  0.7350E+00 -0.1061E+00  0.1259E-04  0.1618E-04  0.1912E-04  0.2094E-04  0.2266E-04  0.2428E-04  0.2581E-04  0.2725E-04  0.2860E-04  0.2989E-04
HCHO-2   60.  0.1197E+00  0.9302E+00 -0.4994E-01  0.2252E-04  0.2877E-04  0.3395E-04  0.3722E-04  0.4043E-04  0.4354E-04  0.4659E-04  0.4952E-04  0.5246E-04  0.5526E-04
CH3CHO   60.  0.7139E+00  0.3379E+00 -0.5237E-01  0.1622E-05  0.2287E-05  0.2952E-05  0.3522E-05  0.4160E-05  0.4849E-05  0.5616E-05  0.6432E-05  0.7374E-05  0.8365E-05
CH3COE   60.  0.6829E+00  0.3806E+00 -0.6426E-01  0.1232E-05  0.1595E-05  0.1893E-05  0.2078E-05  0.2252E-05  0.2415E-05  0.2568E-05  0.2712E-05  0.2847E-05  0.2976E-05
CH3COY   60.  0.3920E-02  0.3365E+00  0.6574E+00  0.1755E-03  0.2065E-03  0.2279E-03  0.2361E-03  0.2436E-03  0.2504E-03  0.2566E-03  0.2622E-03  0.2673E-03  0.2719E-03
MGLYOX   60.  0.4090E-01  0.4897E+00  0.4669E+00  0.6406E-04  0.7673E-04  0.8589E-04  0.8992E-04  0.9363E-04  0.9702E-04  0.1001E-03  0.1030E-03  0.1055E-03  0.1079E-03
GLYOX    60.  0.5656E-01  0.2880E+00  0.6527E+00  0.4694E-04  0.5526E-04  0.6107E-04  0.6335E-04  0.6545E-04  0.6736E-04  0.6912E-04  0.7072E-04  0.7217E-04  0.7350E-04
MEMALD   60.  0.1725E-01  0.6620E+00  0.3187E+00  0.6842E-03  0.8307E-03  0.9399E-03  0.9925E-03  0.1041E-02  0.1086E-02  0.1128E-02  0.1166E-02  0.1200E-02  0.1232E-02
NO3-1    60.  0.1821E-01 -0.2104E+00  0.1195E+01  0.1733E-01  0.1917E-01  0.2026E-01  0.2044E-01  0.2061E-01  0.2075E-01  0.2089E-01  0.2101E-01  0.2112E-01  0.2122E-01
NO3-2    60.  0.1922E-01 -0.1319E+00  0.1114E+01  0.1320E+00  0.1478E+00  0.1574E+00  0.1594E+00  0.1613E+00  0.1629E+00  0.1644E+00  0.1658E+00  0.1670E+00  0.1682E+00
N2O5     60.  0.2636E+00  0.7879E+00 -0.5391E-01  0.2032E-04  0.2370E-04  0.2545E-04  0.2531E-04  0.2484E-04  0.2408E-04  0.2310E-04  0.2194E-04  0.2064E-04  0.1925E-04
CH3O2H   60.  0.2274E+00  0.8125E+00 -0.4074E-01  0.2483E-05  0.3134E-05  0.3649E-05  0.3944E-05  0.4219E-05  0.4473E-05  0.4709E-05  0.4927E-05  0.5128E-05  0.5314E-05
PPA      60.  0.2274E+00  0.8125E+00 -0.4074E-01  0.2483E-05  0.3134E-05  0.3649E-05  0.3944E-05  0.4219E-05  0.4473E-05  0.4709E-05  0.4927E-05  0.5128E-05  0.5314E-05
oROOH    60.  0.2274E+00  0.8125E+00 -0.4074E-01  0.2483E-05  0.3134E-05  0.3649E-05  0.3944E-05  0.4219E-05  0.4473E-05  0.4709E-05  0.4927E-05  0.5128E-05  0.5314E-05
obioH    60.  0.2274E+00  0.8125E+00 -0.4074E-01  0.2483E-05  0.3134E-05  0.3649E-05  0.3944E-05  0.4219E-05  0.4473E-05  0.4709E-05  0.4927E-05  0.5128E-05  0.5314E-05
PANH     60.  0.2274E+00  0.8125E+00 -0.4074E-01  0.2483E-05  0.3134E-05  0.3649E-05  0.3944E-05  0.4219E-05  0.4473E-05  0.4709E-05  0.4927E-05  0.5128E-05  0.5314E-05
PAN      60.  0.4119E+00  0.6647E+00 -0.7771E-01  0.2927E-06  0.3495E-06  0.3840E-06  0.3912E-06  0.3940E-06  0.3931E-06  0.3892E-06  0.3829E-06  0.3746E-06  0.3650E-06
HONO     60.  0.1342E-01  0.7768E+00  0.2084E+00  0.1128E-02  0.1380E-02  0.1570E-02  0.1665E-02  0.1753E-02  0.1833E-02  0.1907E-02  0.1974E-02  0.2035E-02  0.2090E-02
ACFLX1   45.  0.1000E+01  0.0000E+00  0.0000E+00  0.2137E+14  0.2652E+14  0.3031E+14  0.3279E+14  0.3499E+14  0.3691E+14  0.3860E+14  0.4009E+14  0.4139E+14  0.4258E+14
ACFLX2   45.  0.0000E+00  0.1000E+01  0.0000E+00  0.1454E+15  0.1701E+15  0.1869E+15  0.1967E+15  0.2053E+15  0.2128E+15  0.2193E+15  0.2249E+15  0.2297E+15  0.2339E+15
ACFLX3   45.  0.0000E+00  0.0000E+00  0.1000E+01  0.5016E+15  0.5331E+15  0.5506E+15  0.5569E+15  0.5625E+15  0.5675E+15  0.5720E+15  0.5759E+15  0.5794E+15  0.5826E+15
O3       45.  0.1374E+01 -0.4149E+00  0.4792E-01  0.1860E-04  0.2219E-04  0.2439E-04  0.2535E-04  0.2602E-04  0.2658E-04  0.2692E-04  0.2711E-04  0.2716E-04  0.2717E-04
NO2      45.  0.1544E-01  0.6875E+00  0.2980E+00  0.7387E-02  0.8382E-02  0.9031E-02  0.9396E-02  0.9718E-02  0.1000E-01  0.1025E-01  0.1048E-01  0.1067E-01  0.1084E-01
H2O2     45.  0.3304E+00  0.7539E+00 -0.8502E-01  0.5241E-05  0.6157E-05  0.6743E-05  0.7047E-05  0.7291E-05  0.7485E-05  0.7637E-05  0.7756E-05  0.7848E-05  0.7921E-05
HNO3     45.  0.7478E+00  0.3283E+00 -0.7514E-01  0.4311E-06  0.5086E-06  0.5557E-06  0.5765E-06  0.5907E-06  0.5993E-06  0.6033E-06  0.6037E-06  0.6009E-06  0.5962E-06
HCHO-1   45.  0.4270E+00  0.6774E+00 -0.1065E+00  0.2196E-04  0.2674E-04  0.3022E-04  0.3248E-04  0.3449E-04  0.3628E-04  0.3787E-04  0.3929E-04  0.4056E-04  0.4171E-04
HCHO-2   45.  0.1373E+00  0.9118E+00 -0.5054E-01  0.3499E-04  0.4214E-04  0.4744E-04  0.5105E-04  0.5444E-04  0.5759E-04  0.6056E-04  0.6332E-04  0.6603E-04  0.6855E-04
CH3CHO   45.  0.8327E+00  0.1829E+00 -0.1623E-01  0.3361E-05  0.4497E-05  0.5555E-05  0.6497E-05  0.7518E-05  0.8587E-05  0.9744E-05  0.1094E-04  0.1230E-04  0.1368E-04
CH3COE   45.  0.7942E+00  0.2526E+00 -0.4690E-01  0.2498E-05  0.3073E-05  0.3492E-05  0.3763E-05  0.4003E-05  0.4213E-05  0.4397E-05  0.4560E-05  0.4702E-05  0.4832E-05
CH3COY   45.  0.1391E-02  0.3497E+00  0.6502E+00  0.2314E-03  0.2535E-03  0.2668E-03  0.2732E-03  0.2789E-03  0.2839E-03  0.2883E-03  0.2922E-03  0.2956E-03  0.2985E-03
MGLYOX   45.  0.5455E-01  0.5197E+00  0.4273E+00  0.8856E-04  0.9911E-04  0.1058E-03  0.1094E-03  0.1125E-03  0.1153E-03  0.1177E-03  0.1198E-03  0.1217E-03  0.1233E-03
GLYOX    45.  0.8089E-01  0.3265E+00  0.5935E+00  0.6314E-04  0.6958E-04  0.7360E-04  0.7564E-04  0.7744E-04  0.7903E-04  0.8042E-04  0.8165E-04  0.8273E-04  0.8368E-04
MEMALD   45.  0.1544E-01  0.6875E+00  0.2980E+00  0.9603E-03  0.1090E-02  0.1174E-02  0.1221E-02  0.1263E-02  0.1300E-02  0.1333E-02  0.1362E-02  0.1387E-02  0.1409E-02
NO3-1    45.  0.2844E-01 -0.2266E+00  0.1197E+01  0.2070E-01  0.2163E-01  0.2212E-01  0.2224E-01  0.2235E-01  0.2244E-01  0.2253E-01  0.2261E-01  0.2268E-01  0.2274E-01
NO3-2    45.  0.2637E-01 -0.1413E+00  0.1114E+01  0.1603E+00  0.1687E+00  0.1733E+00  0.1746E+00  0.1759E+00  0.1770E+00  0.1780E+00  0.1789E+00  0.1797E+00  0.1804E+00
N2O5     45.  0.3141E+00  0.8086E+00 -0.1222E+00  0.3306E-04  0.3658E-04  0.3770E-04  0.3699E-04  0.3583E-04  0.3430E-04  0.3250E-04  0.3051E-04  0.2839E-04  0.2622E-04
CH3O2H   45.  0.2807E+00  0.7796E+00 -0.6113E-01  0.4037E-05  0.4818E-05  0.5364E-05  0.5700E-05  0.5995E-05  0.6251E-05  0.6475E-05  0.6669E-05  0.6838E-05  0.6987E-05
PPA      45.  0.2807E+00  0.7796E+00 -0.6113E-01  0.4037E-05  0.4818E-05  0.5364E-05  0.5700E-05  0.5995E-05  0.6251E-05  0.6475E-05  0.6669E-05  0.6838E-05  0.6987E-05
oROOH    45.  0.2807E+00  0.7796E+00 -0.6113E-01  0.4037E-05  0.4818E-05  0.5364E-05  0.5700E-05  0.5995E-05  0.6251E-05  0.6475E-05  0.6669E-05  0.6838E-05  0.6987E-05
obioH    45.  0.2807E+00  0.7796E+00 -0.6113E-01  0.4037E-05  0.4818E-05  0.5364E-05  0.5700E-05  0.5995E-05  0.6251E-05  0.6475E-05  0.6669E-05  0.6838E-05  0.6987E-05
PANH     45.  0.2807E+00  0.7796E+00 -0.6113E-01  0.4037E-05  0.4818E-05  0.5364E-05  0.5700E-05  0.5995E-05  0.6251E-05  0.6475E-05  0.6669E-05  0.6838E-05  0.6987E-05
PAN      45.  0.5193E+00  0.5681E+00 -0.8736E-01  0.5216E-06  0.5918E-06  0.6235E-06  0.6251E-06  0.6195E-06  0.6082E-06  0.5927E-06  0.5742E-06  0.5535E-06  0.5318E-06
HONO     45.  0.1024E-01  0.7964E+00  0.1942E+00  0.1609E-02  0.1843E-02  0.1996E-02  0.2083E-02  0.2159E-02  0.2225E-02  0.2282E-02  0.2332E-02  0.2376E-02  0.2413E-02
ACFLX1   30.  0.1000E+01  0.0000E+00  0.0000E+00  0.3219E+14  0.3836E+14  0.4256E+14  0.4549E+14  0.4798E+14  0.5006E+14  0.5180E+14  0.5325E+14  0.5444E+14  0.5548E+14
ACFLX2   30.  0.0000E+00  0.1000E+01  0.0000E+00  0.1773E+15  0.1995E+15  0.2131E+15  0.2223E+15  0.2301E+15  0.2366E+15  0.2420E+15  0.2465E+15  0.2502E+15  0.2533E+15
ACFLX3   30.  0.0000E+00  0.0000E+00  0.1000E+01  0.5607E+15  0.5757E+15  0.5822E+15  0.5870E+15  0.5913E+15  0.5950E+15  0.5983E+15  0.6012E+15  0.6037E+15  0.6059E+15
O3       30.  0.1473E+01 -0.5347E+00  0.7249E-01  0.3146E-04  0.3633E-04  0.3903E-04  0.4037E-04  0.4124E-04  0.4190E-04  0.4224E-04  0.4232E-04  0.4220E-04  0.4201E-04
NO2      30.  0.1990E-01  0.6925E+00  0.2906E+00  0.8799E-02  0.9601E-02  0.1007E-01  0.1040E-01  0.1069E-01  0.1093E-01  0.1114E-01  0.1132E-01  0.1147E-01  0.1160E-01
H2O2     30.  0.3818E+00  0.6832E+00 -0.6608E-01  0.6890E-05  0.7802E-05  0.8321E-05  0.8621E-05  0.8845E-05  0.9006E-05  0.9118E-05  0.9192E-05  0.9235E-05  0.9259E-05
HNO3     30.  0.8417E+00  0.2006E+00 -0.4081E-01  0.6256E-06  0.7126E-06  0.7589E-06  0.7809E-06  0.7939E-06  0.7992E-06  0.7985E-06  0.7932E-06  0.7841E-06  0.7729E-06
HCHO-1   30.  0.4773E+00  0.5994E+00 -0.7979E-01  0.2956E-04  0.3466E-04  0.3810E-04  0.4054E-04  0.4264E-04  0.4444E-04  0.4598E-04  0.4731E-04  0.4844E-04  0.4943E-04
HCHO-2   30.  0.1619E+00  0.8735E+00 -0.3757E-01  0.4408E-04  0.5109E-04  0.5594E-04  0.5963E-04  0.6302E-04  0.6608E-04  0.6892E-04  0.7150E-04  0.7401E-04  0.7631E-04
CH3CHO   30.  0.9183E+00  0.7337E-01  0.8775E-02  0.4988E-05  0.6421E-05  0.7706E-05  0.8912E-05  0.1020E-04  0.1152E-04  0.1294E-04  0.1438E-04  0.1600E-04  0.1763E-04
CH3COE   30.  0.8753E+00  0.1433E+00 -0.1812E-01  0.3665E-05  0.4341E-05  0.4799E-05  0.5118E-05  0.5390E-05  0.5618E-05  0.5809E-05  0.5970E-05  0.6103E-05  0.6220E-05
CH3COY   30.  0.6813E-02  0.3515E+00  0.6455E+00  0.2668E-03  0.2813E-03  0.2888E-03  0.2941E-03  0.2988E-03  0.3027E-03  0.3061E-03  0.3091E-03  0.3116E-03  0.3137E-03
MGLYOX   30.  0.7131E-01  0.5116E+00  0.4210E+00  0.1050E-03  0.1131E-03  0.1178E-03  0.1210E-03  0.1238E-03  0.1261E-03  0.1281E-03  0.1298E-03  0.1312E-03  0.1324E-03
GLYOX    30.  0.1075E+00  0.3118E+00  0.5833E+00  0.7405E-04  0.7879E-04  0.8143E-04  0.8331E-04  0.8492E-04  0.8629E-04  0.8747E-04  0.8846E-04  0.8931E-04  0.9003E-04
MEMALD   30.  0.1990E-01  0.6925E+00  0.2906E+00  0.1144E-02  0.1248E-02  0.1309E-02  0.1352E-02  0.1390E-02  0.1421E-02  0.1448E-02  0.1472E-02  0.1491E-02  0.1508E-02
NO3-1    30.  0.2328E-01 -0.2172E+00  0.1190E+01  0.2278E-01  0.2312E-01  0.2325E-01  0.2334E-01  0.2342E-01  0.2349E-01  0.2355E-01  0.2361E-01  0.2366E-01  0.2371E-01
NO3-2    30.  0.2257E-01 -0.1403E+00  0.1115E+01  0.1777E+00  0.1813E+00  0.1827E+00  0.1838E+00  0.1847E+00  0.1855E+00  0.1862E+00  0.1869E+00  0.1875E+00  0.1880E+00
N2O5     30.  0.3434E+00  0.7682E+00 -0.1118E+00  0.4300E-04  0.4594E-04  0.4619E-04  0.4503E-04  0.4333E-04  0.4123E-04  0.3885E-04  0.3628E-04  0.3361E-04  0.3090E-04
CH3O2H   30.  0.3346E+00  0.7043E+00 -0.3972E-01  0.5246E-05  0.6032E-05  0.6539E-05  0.6887E-05  0.7181E-05  0.7427E-05  0.7632E-05  0.7803E-05  0.7943E-05  0.8061E-05
PPA      30.  0.3346E+00  0.7043E+00 -0.3972E-01  0.5246E-05  0.6032E-05  0.6539E-05  0.6887E-05  0.7181E-05  0.7427E-05  0.7632E-05  0.7803E-05  0.7943E-05  0.8061E-05
oROOH    30.  0.3346E+00  0.7043E+00 -0.3972E-01  0.5246E-05  0.6032E-05  0.6539E-05  0.6887E-05  0.7181E-05  0.7427E-05  0.7632E-05  0.7803E-05  0.7943E-05  0.8061E-05
obioH    30.  0.3346E+00  0.7043E+00 -0.3972E-01  0.5246E-05  0.6032E-05  0.6539E-05  0.6887E-05  0.7181E-05  0.7427E-05  0.7632E-05  0.7803E-05  0.7943E-05  0.8061E-05
PANH     30.  0.3346E+00  0.7043E+00 -0.3972E-01  0.5246E-05  0.6032E-05  0.6539E-05  0.6887E-05  0.7181E-05  0.7427E-05  0.7632E-05  0.7803E-05  0.7943E-05  0.8061E-05
PAN      30.  0.5995E+00  0.4593E+00 -0.5903E-01  0.7178E-06  0.7856E-06  0.8065E-06  0.8018E-06  0.7881E-06  0.7675E-06  0.7422E-06  0.7137E-06  0.6832E-06  0.6519E-06
HONO     30.  0.1181E-01  0.7977E+00  0.1926E+00  0.1932E-02  0.2127E-02  0.2242E-02  0.2321E-02  0.2387E-02  0.2443E-02  0.2491E-02  0.2530E-02  0.2563E-02  0.2590E-02
ACFLX1   15.  0.1000E+01  0.0000E+00  0.0000E+00  0.3932E+14  0.4578E+14  0.4997E+14  0.5310E+14  0.5569E+14  0.5779E+14  0.5949E+14  0.6086E+14  0.6194E+14  0.6283E+14
ACFLX2   15.  0.0000E+00  0.1000E+01  0.0000E+00  0.1959E+15  0.2157E+15  0.2270E+15  0.2358E+15  0.2431E+15  0.2490E+15  0.2538E+15  0.2577E+15  0.2608E+15  0.2633E+15
ACFLX3   15.  0.0000E+00  0.0000E+00  0.1000E+01  0.5939E+15  0.5993E+15  0.5996E+15  0.6037E+15  0.6073E+15  0.6103E+15  0.6130E+15  0.6154E+15  0.6174E+15  0.6192E+15
O3       15.  0.1515E+01 -0.5693E+00  0.6650E-01  0.4124E-04  0.4670E-04  0.4951E-04  0.5106E-04  0.5202E-04  0.5271E-04  0.5299E-04  0.5296E-04  0.5268E-04  0.5230E-04
NO2      15.  0.2502E-01  0.6870E+00  0.2918E+00  0.9610E-02  0.1027E-01  0.1063E-01  0.1094E-01  0.1120E-01  0.1142E-01  0.1160E-01  0.1176E-01  0.1189E-01  0.1200E-01
H2O2     15.  0.4151E+00  0.6371E+00 -0.5378E-01  0.7929E-05  0.8795E-05  0.9247E-05  0.9539E-05  0.9747E-05  0.9886E-05  0.9971E-05  0.1002E-04  0.1003E-04  0.1002E-04
HNO3     15.  0.8937E+00  0.1398E+00 -0.3135E-01  0.7591E-06  0.8472E-06  0.8896E-06  0.9117E-06  0.9232E-06  0.9259E-06  0.9217E-06  0.9123E-06  0.8989E-06  0.8832E-06
HCHO-1   15.  0.5045E+00  0.5627E+00 -0.7058E-01  0.3438E-04  0.3945E-04  0.4272E-04  0.4524E-04  0.4736E-04  0.4914E-04  0.5062E-04  0.5187E-04  0.5291E-04  0.5379E-04
HCHO-2   15.  0.1692E+00  0.8692E+00 -0.4069E-01  0.4955E-04  0.5620E-04  0.6063E-04  0.6433E-04  0.6768E-04  0.7067E-04  0.7342E-04  0.7589E-04  0.7828E-04  0.8045E-04
CH3CHO   15.  0.9607E+00  0.3088E-01  0.1005E-01  0.6105E-05  0.7684E-05  0.9077E-05  0.1044E-04  0.1188E-04  0.1335E-04  0.1491E-04  0.1648E-04  0.1825E-04  0.2002E-04
CH3COE   15.  0.9141E+00  0.1027E+00 -0.1562E-01  0.4461E-05  0.5170E-05  0.5627E-05  0.5971E-05  0.6257E-05  0.6491E-05  0.6681E-05  0.6835E-05  0.6959E-05  0.7063E-05
CH3COY   15. -0.7968E-03  0.3705E+00  0.6351E+00  0.2868E-03  0.2965E-03  0.3005E-03  0.3053E-03  0.3093E-03  0.3128E-03  0.3157E-03  0.3181E-03  0.3202E-03  0.3219E-03
MGLYOX   15.  0.8245E-01  0.4990E+00  0.4228E+00  0.1146E-03  0.1210E-03  0.1243E-03  0.1274E-03  0.1299E-03  0.1320E-03  0.1338E-03  0.1353E-03  0.1365E-03  0.1375E-03
GLYOX    15.  0.1184E+00  0.3092E+00  0.5754E+00  0.8045E-04  0.8404E-04  0.8583E-04  0.8762E-04  0.8912E-04  0.9037E-04  0.9141E-04  0.9228E-04  0.9300E-04  0.9360E-04
MEMALD   15.  0.2502E-01  0.6870E+00  0.2918E+00  0.1249E-02  0.1335E-02  0.1382E-02  0.1422E-02  0.1456E-02  0.1485E-02  0.1508E-02  0.1529E-02  0.1546E-02  0.1560E-02
NO3-1    15.  0.2306E-01 -0.2291E+00  0.1200E+01  0.2396E-01  0.2396E-01  0.2390E-01  0.2397E-01  0.2403E-01  0.2409E-01  0.2414E-01  0.2419E-01  0.2423E-01  0.2427E-01
NO3-2    15.  0.2056E-01 -0.1411E+00  0.1117E+01  0.1875E+00  0.1883E+00  0.1880E+00  0.1889E+00  0.1896E+00  0.1903E+00  0.1909E+00  0.1914E+00  0.1919E+00  0.1923E+00
N2O5     15.  0.3746E+00  0.7132E+00 -0.8930E-01  0.4922E-04  0.5156E-04  0.5116E-04  0.4971E-04  0.4769E-04  0.4525E-04  0.4252E-04  0.3962E-04  0.3662E-04  0.3361E-04
CH3O2H   15.  0.3586E+00  0.6749E+00 -0.3497E-01  0.6001E-05  0.6758E-05  0.7221E-05  0.7572E-05  0.7863E-05  0.8099E-05  0.8291E-05  0.8445E-05  0.8568E-05  0.8668E-05
PPA      15.  0.3586E+00  0.6749E+00 -0.3497E-01  0.6001E-05  0.6758E-05  0.7221E-05  0.7572E-05  0.7863E-05  0.8099E-05  0.8291E-05  0.8445E-05  0.8568E-05  0.8668E-05
oROOH    15.  0.3586E+00  0.6749E+00 -0.3497E-01  0.6001E-05  0.6758E-05  0.7221E-05  0.7572E-05  0.7863E-05  0.8099E-05  0.8291E-05  0.8445E-05  0.8568E-05  0.8668E-05
obioH    15.  0.3586E+00  0.6749E+00 -0.3497E-01  0.6001E-05  0.6758E-05  0.7221E-05  0.7572E-05  0.7863E-05  0.8099E-05  0.8291E-05  0.8445E-05  0.8568E-05  0.8668E-05
PANH     15.  0.3586E+00  0.6749E+00 -0.3497E-01  0.6001E-05  0.6758E-05  0.7221E-05  0.7572E-05  0.7863E-05  0.8099E-05  0.8291E-05  0.8445E-05  0.8568E-05  0.8668E-05
PAN      15.  0.6450E+00  0.4052E+00 -0.5029E-01  0.8474E-06  0.9087E-06  0.9197E-06  0.9105E-06  0.8913E-06  0.8647E-06  0.8330E-06  0.7982E-06  0.7614E-06  0.7243E-06
HONO     15.  0.1551E-01  0.7917E+00  0.1955E+00  0.2118E-02  0.2283E-02  0.2372E-02  0.2446E-02  0.2507E-02  0.2558E-02  0.2599E-02  0.2633E-02  0.2660E-02  0.2682E-02
ACFLX1    0.  0.1000E+01  0.0000E+00  0.0000E+00  0.4178E+14  0.4829E+14  0.5243E+14  0.5561E+14  0.5822E+14  0.6032E+14  0.6200E+14  0.6333E+14  0.6437E+14  0.6521E+14
ACFLX2    0.  0.0000E+00  0.1000E+01  0.0000E+00  0.2019E+15  0.2208E+15  0.2314E+15  0.2401E+15  0.2472E+15  0.2529E+15  0.2575E+15  0.2612E+15  0.2641E+15  0.2664E+15
ACFLX3    0.  0.0000E+00  0.0000E+00  0.1000E+01  0.6047E+15  0.6069E+15  0.6053E+15  0.6091E+15  0.6124E+15  0.6153E+15  0.6178E+15  0.6200E+15  0.6219E+15  0.6236E+15
O3        0.  0.1531E+01 -0.5867E+00  0.6869E-01  0.4486E-04  0.5047E-04  0.5327E-04  0.5490E-04  0.5587E-04  0.5657E-04  0.5682E-04  0.5675E-04  0.5640E-04  0.5596E-04
NO2       0.  0.2228E-01  0.6945E+00  0.2875E+00  0.9875E-02  0.1049E-01  0.1080E-01  0.1110E-01  0.1136E-01  0.1157E-01  0.1175E-01  0.1190E-01  0.1202E-01  0.1213E-01
H2O2      0.  0.4276E+00  0.6179E+00 -0.4719E-01  0.8283E-05  0.9126E-05  0.9552E-05  0.9841E-05  0.1004E-04  0.1017E-04  0.1025E-04  0.1028E-04  0.1029E-04  0.1027E-04
HNO3      0.  0.9149E+00  0.1112E+00 -0.2371E-01  0.8064E-06  0.8940E-06  0.9345E-06  0.9565E-06  0.9674E-06  0.9691E-06  0.9636E-06  0.9528E-06  0.9378E-06  0.9206E-06
HCHO-1    0.  0.5160E+00  0.5472E+00 -0.6650E-01  0.3603E-04  0.4106E-04  0.4425E-04  0.4678E-04  0.4890E-04  0.5067E-04  0.5213E-04  0.5335E-04  0.5436E-04  0.5521E-04
HCHO-2    0.  0.1781E+00  0.8537E+00 -0.3420E-01  0.5136E-04  0.5786E-04  0.6213E-04  0.6583E-04  0.6917E-04  0.7213E-04  0.7485E-04  0.7728E-04  0.7963E-04  0.8176E-04
CH3CHO    0.  0.9711E+00  0.1995E-01  0.1068E-01  0.6499E-05  0.8122E-05  0.9544E-05  0.1096E-04  0.1245E-04  0.1396E-04  0.1557E-04  0.1719E-04  0.1900E-04  0.2081E-04
CH3COE    0.  0.9329E+00  0.7657E-01 -0.8021E-02  0.4741E-05  0.5456E-05  0.5909E-05  0.6261E-05  0.6550E-05  0.6785E-05  0.6974E-05  0.7126E-05  0.7246E-05  0.7345E-05
CH3COY    0.  0.4655E-02  0.3608E+00  0.6398E+00  0.2933E-03  0.3014E-03  0.3042E-03  0.3088E-03  0.3127E-03  0.3160E-03  0.3187E-03  0.3210E-03  0.3229E-03  0.3245E-03
MGLYOX    0.  0.8706E-01  0.4967E+00  0.4211E+00  0.1177E-03  0.1236E-03  0.1264E-03  0.1294E-03  0.1319E-03  0.1339E-03  0.1356E-03  0.1370E-03  0.1381E-03  0.1391E-03
GLYOX     0.  0.1213E+00  0.3141E+00  0.5683E+00  0.8257E-04  0.8576E-04  0.8725E-04  0.8901E-04  0.9048E-04  0.9169E-04  0.9269E-04  0.9352E-04  0.9420E-04  0.9476E-04
MEMALD    0.  0.2228E-01  0.6945E+00  0.2875E+00  0.1284E-02  0.1364E-02  0.1404E-02  0.1443E-02  0.1477E-02  0.1504E-02  0.1527E-02  0.1547E-02  0.1563E-02  0.1577E-02
NO3-1     0.  0.2307E-01 -0.2284E+00  0.1199E+01  0.2434E-01  0.2424E-01  0.2411E-01  0.2417E-01  0.2423E-01  0.2429E-01  0.2434E-01  0.2438E-01  0.2442E-01  0.2445E-01
NO3-2     0.  0.2595E-01 -0.1493E+00  0.1120E+01  0.1907E+00  0.1905E+00  0.1897E+00  0.1905E+00  0.1913E+00  0.1919E+00  0.1924E+00  0.1929E+00  0.1934E+00  0.1937E+00
N2O5      0.  0.3853E+00  0.6930E+00 -0.8041E-01  0.5133E-04  0.5343E-04  0.5280E-04  0.5125E-04  0.4912E-04  0.4657E-04  0.4372E-04  0.4071E-04  0.3760E-04  0.3449E-04
CH3O2H    0.  0.3739E+00  0.6514E+00 -0.2680E-01  0.6257E-05  0.6999E-05  0.7444E-05  0.7796E-05  0.8085E-05  0.8318E-05  0.8505E-05  0.8654E-05  0.8771E-05  0.8864E-05
PPA       0.  0.3739E+00  0.6514E+00 -0.2680E-01  0.6257E-05  0.6999E-05  0.7444E-05  0.7796E-05  0.8085E-05  0.8318E-05  0.8505E-05  0.8654E-05  0.8771E-05  0.8864E-05
oROOH     0.  0.3739E+00  0.6514E+00 -0.2680E-01  0.6257E-05  0.6999E-05  0.7444E-05  0.7796E-05  0.8085E-05  0.8318E-05  0.8505E-05  0.8654E-05  0.8771E-05  0.8864E-05
obioH     0.  0.3739E+00  0.6514E+00 -0.2680E-01  0.6257E-05  0.6999E-05  0.7444E-05  0.7796E-05  0.8085E-05  0.8318E-05  0.8505E-05  0.8654E-05  0.8771E-05  0.8864E-05
PANH      0.  0.3739E+00  0.6514E+00 -0.2680E-01  0.6257E-05  0.6999E-05  0.7444E-05  0.7796E-05  0.8085E-05  0.8318E-05  0.8505E-05  0.8654E-05  0.8771E-05  0.8864E-05
PAN       0.  0.6588E+00  0.3902E+00 -0.4901E-01  0.8925E-06  0.9507E-06  0.9580E-06  0.9471E-06  0.9260E-06  0.8973E-06  0.8635E-06  0.8265E-06  0.7876E-06  0.7485E-06
HONO      0.  0.1058E-01  0.8058E+00  0.1869E+00  0.2179E-02  0.2333E-02  0.2413E-02  0.2485E-02  0.2545E-02  0.2594E-02  0.2633E-02  0.2665E-02  0.2691E-02  0.2711E-02
