1 2 1.8e-12 1370
2 2 1.2e-13 2450
3 2 1.9e-12 1000
4 2 1.4e-14 600
5 2 3.7e-12 -240
6 14 3.4e-30 0 3.2 4.77e-11 0 1.4 0.30
7 2 4.8e-11 -250
8 2 2.9e-12 160
9 2 5.5e-15 -985
10 3 2e-13 0 1
11 2 2.2e-13 -740
12 2 4.52e-34 -2827
13 1 4e-12
14 1 2e-15
15 2 1.8e-11 -110
16 2 4.5e-14 1260
17 4 2.7e-30 0 3.4 2e-12 0 -0.2 0.33
18 4 1e-3 11000 3.5 9.7e14 11080 -0.1 0.33
19 4 7.e-31 0 2.6 1.5e-11 0 0.5 0.6
20 2 1.8e-11 390
21 2 3.30E-39 -530.0
22 1 2.6e-22
23 1 2e-39
24 15 0.5
25 1 4e-17
26 4 4e-31 0 3.3 2e-12 0 0 0.45
27 2 1.6e-11 180
28 2 2.7e-13 -1000
29 1 1.2e-12
30 2 2.44e-11 223
31 2 1.18e-11 127
32 1 8e-11
33 1 4e-12
34 2 2.7e-13 -1000
35 1 6.4e-14
36 1 1.2e-12
37 2 1.5e-13 -220
38 2 8.6e-13 -260
39 2 4.35e-12 -455
40 2 1.86e-11 -175
41 1 1.4e-11
42 1 4e-12
43 2 2.7e-13 -1000
44 1 1.64e-11
45 2 7.9e-12 -140
46 2 5.6e-12 -530
47 4 2.7e-28 0 7.1 1.2e-11 0 0.9 0.3
48 4 4.9e-3 12100 0 5.4e16 13830 0 0.3
49 2 3.25e-13 -500
50 1 2e-16
51 1 9.45e-15
52 2 1.19e-12 -490
53 1 3.4e-11
54 1 7.8e-13
55 1 4e-11
56 1 1.2e-12
57 2 2.7e-13 -1000
58 2 2.3e-12 1765
59 2 7.9e-12 1030
60 3 1.36e-12 -190 -2
61 4 7e-29 0 3.1 9e-12 0 0 0.7
62 4 8e-27 0 3.5 3e-11 0 0 0.5
63 1 1.37e-11
64 2 2.55e-11 -410
65 2 1.21e-11 -444
66 2 8.6e-12 -20
67 2 5.6e-12 -310
68 1 5.6e-11
69 3 2.92e-13 -414 -2
70 1 1.1e-11
71 1 1.5e-11
72 2 4.1e-12 -453
73 2 1.9e-12 -190
74 2 1.9e-12 -190
75 2 1.e-12 -190
76 1 5.8e-16
77 1 2.8e-15
78 1 1.2e-12
79 1 4e-12
80 2 9.1e-15 2580
81 2 5.5e-15 1880
82 2 1.2e-14 2013
83 2 5.3e-15 2520
84 2 4.3e-15 2016
85 2 1.0e-15 736
86 2 4.2e-12 -180
87 1 2e-11
88 2 4.1e-13 -790
89 2 4.3e-13 -1040
90 2 1.13e-13 -356
91 2 3.34e-12 -400
92 2 2.8e-12 -530
93 4 2.7e-28 0 7.1 1.2e-11 0 0.9 0.3
94 4 4.9e-3 12100 0 5.4e16 13830 0 0.3
95 2 9.5e-13 650
96 2 5.6e-12 -310
97 13  1.0
98 5  2.0
99 5 13.0
100 5 14.0
101 5  3.0
102 5  4.0
103 5 22.0
104 5  5.0
105 5  6.0
106 5  7.0
107 5  9.0
108 5 10.0
109 5 11.0
110 5 12.0
111 5  8.0
112 5 15.0
113 5 16.0
114 5 17.0
115 5 21.0
116 5 20.0
117 5 18.0
118 5 19.0
