NO2                  2.00000     2.00000     2.00000     2.00000    15
NO2                  2.00000     2.00000     2.00000     2.00000    21
HNO3                 2.00000     2.00000     2.00000     2.00000    22
HNO3                 2.00000     2.00000     2.00000     2.00000    23
NO2                  0.86000     0.86000     0.86000     0.86000    27
HO2                  0.78000     0.78000     0.78000     0.78000    27
ISNI                 0.14000     0.14000     0.14000     0.14000    27
HO2                  0.80000     0.80000     0.80000     0.80000    30
HCHO                 0.50000     0.50000     0.50000     0.50000    30
HCHO                 0.50000     0.50000     0.50000     0.50000    31
HO2                  1.50000     1.50000     1.50000     1.50000    31
CO2                  0.70000     0.70000     0.70000     0.70000    31
HO2                  1.30000     1.30000     1.30000     1.30000    35
HCHO                 0.65000     0.65000     0.65000     0.65000    37
HO2                  0.80000     0.80000     0.80000     0.80000    37
CH3OH                0.35000     0.35000     0.35000     0.35000    37
CH3O2                0.80000     0.80000     0.80000     0.80000    38
CO2                  0.80000     0.80000     0.80000     0.80000    38
HO2                  0.80000     0.80000     0.80000     0.80000    38
OH                   0.80000     0.80000     0.80000     0.80000    39
oRO2                 0.20000     0.20000     0.20000     0.20000    39
CH3COE               0.50000     0.50000     0.50000     0.50000    40
CO2                  0.50000     0.50000     0.50000     0.50000    40
oPAN                 0.50000     0.50000     0.50000     0.50000    40
oPAN                 0.20000     0.20000     0.20000     0.20000    44
HO2                  0.50000     0.50000     0.50000     0.50000    45
CARNIT               0.50000     0.50000     0.50000     0.50000    50
CARNIT               0.50000     0.50000     0.50000     0.50000    51
HCHO                 1.50000     1.50000     1.50000     1.50000    51
CH3CHO               0.50000     0.50000     0.50000     0.50000    51
HO2                  0.50000     0.50000     0.50000     0.50000    51
CH3CHO               0.95000     0.95000     0.95000     0.95000    53
CH3COE               0.47500     0.47500     0.47500     0.47500    53
MGLYOX               0.47500     0.47500     0.47500     0.47500    53
ISNI                 0.05000     0.05000     0.05000     0.05000    53
HO2                  0.05000     0.05000     0.05000     0.05000    53
ISNI                 0.85000     0.85000     0.85000     0.85000    54
MAC                  0.10000     0.10000     0.10000     0.10000    54
MVK                  0.05000     0.05000     0.05000     0.05000    54
HCHO                 0.15000     0.15000     0.15000     0.15000    54
HO2                  0.80000     0.80000     0.80000     0.80000    54
NO2                  1.50000     1.50000     1.50000     1.50000    55
NO2                  1.50000     1.50000     1.50000     1.50000    56
CH3COE               0.90000     0.90000     0.90000     0.90000    60
CH3CHO               0.10000     0.10000     0.10000     0.10000    60
CH3COO               0.10000     0.10000     0.10000     0.10000    60
oRO2                 0.90000     0.90000     0.90000     0.90000    60
SOA                  0.04000     0.04000     0.04000     0.04000    60
HCHO                 2.00000     2.00000     2.00000     2.00000    61
SOA                  0.20000     0.20000     0.20000     0.20000    63
MAC                  0.32000     0.32000     0.32000     0.32000    64
MVK                  0.42000     0.42000     0.42000     0.42000    64
HCHO                 0.74000     0.74000     0.74000     0.74000    64
CH3CHO               0.80000     0.80000     0.80000     0.80000    65
CH3COE               0.80000     0.80000     0.80000     0.80000    65
SOA                  0.07000     0.07000     0.07000     0.07000    65
CO                   2.00000     2.00000     2.00000     2.00000    70
MGLYOX               0.26600     0.26600     0.26600     0.26600    72
HCHO                 0.26600     0.26600     0.26600     0.26600    72
CH3CHO               0.68400     0.68400     0.68400     0.68400    72
CH3COO               0.68400     0.68400     0.68400     0.68400    72
ISNI                 0.05000     0.05000     0.05000     0.05000    72
oRO2                 0.95000     0.95000     0.95000     0.95000    72
HO2                  0.12000     0.12000     0.12000     0.12000    80
H2                   0.13000     0.13000     0.13000     0.13000    80
CO                   0.44000     0.44000     0.44000     0.44000    80
HCHO                 0.53000     0.53000     0.53000     0.53000    81
CH3CHO               0.50000     0.50000     0.50000     0.50000    81
CH3O2                0.31000     0.31000     0.31000     0.31000    81
HO2                  0.28000     0.28000     0.28000     0.28000    81
OH                   0.15000     0.15000     0.15000     0.15000    81
H2                   0.06500     0.06500     0.06500     0.06500    81
CO                   0.40000     0.40000     0.40000     0.40000    81
CH4                  0.70000     0.70000     0.70000     0.70000    81
MAC                  0.67000     0.67000     0.67000     0.67000    82
MVK                  0.26000     0.26000     0.26000     0.26000    82
OH                   0.55000     0.55000     0.55000     0.55000    82
C3H6                 0.07000     0.07000     0.07000     0.07000    82
HCHO                 0.80000     0.80000     0.80000     0.80000    82
HO2                  0.06000     0.06000     0.06000     0.06000    82
CO                   0.05000     0.05000     0.05000     0.05000    82
O3                   0.30000     0.30000     0.30000     0.30000    82
MGLYOX               0.80000     0.80000     0.80000     0.80000    83
HCHO                 0.70000     0.70000     0.70000     0.70000    83
OH                   0.21500     0.21500     0.21500     0.21500    83
HO2                  0.27500     0.27500     0.27500     0.27500    83
CO                   0.20000     0.20000     0.20000     0.20000    83
O3                   0.20000     0.20000     0.20000     0.20000    83
MGLYOX               0.82000     0.82000     0.82000     0.82000    84
HCHO                 0.80000     0.80000     0.80000     0.80000    84
CH3CHO               0.04000     0.04000     0.04000     0.04000    84
OH                   0.08000     0.08000     0.08000     0.08000    84
HO2                  0.06000     0.06000     0.06000     0.06000    84
CO                   0.05000     0.05000     0.05000     0.05000    84
O3                   0.20000     0.20000     0.20000     0.20000    84
CH3CHO               1.27000     1.27000     1.27000     1.27000    85
CH3COE               0.53000     0.53000     0.53000     0.53000    85
CO                   0.14000     0.14000     0.14000     0.14000    85
oRO2                 0.62000     0.62000     0.62000     0.62000    85
HCHO                 0.42000     0.42000     0.42000     0.42000    85
OH                   0.85000     0.85000     0.85000     0.85000    85
HO2                  0.10000     0.10000     0.10000     0.10000    85
SOA                  0.23000     0.23000     0.23000     0.23000    85
PPA                  0.67000     0.67000     0.67000     0.67000    89
O3                   0.33000     0.33000     0.33000     0.33000    89
HCHO                 1.35000     1.35000     1.35000     1.35000    90
HO2                  0.70000     0.70000     0.70000     0.70000    90
CH3O2                0.50000     0.50000     0.50000     0.50000    91
CO2                  0.50000     0.50000     0.50000     0.50000    91
HO2                  0.50000     0.50000     0.50000     0.50000    91
CH3O2                2.00000     2.00000     2.00000     2.00000    92
CO2                  2.00000     2.00000     2.00000     2.00000    92
OH                   2.00000     2.00000     2.00000     2.00000    97
OH                   2.00000     2.00000     2.00000     2.00000   101
HO2                  2.00000     2.00000     2.00000     2.00000   104
CH3COO               2.00000     2.00000     2.00000     2.00000   107
HO2                  0.60000     0.60000     0.60000     0.60000   109
CO                   2.00000     2.00000     2.00000     2.00000   109
H2                   1.40000     1.40000     1.40000     1.40000   109
MVK                  0.50000     0.50000     0.50000     0.50000   110
MALEIC               0.50000     0.50000     0.50000     0.50000   110
oPAN                 0.50000     0.50000     0.50000     0.50000   110
HCHO                 0.50000     0.50000     0.50000     0.50000   110
HO2                  0.50000     0.50000     0.50000     0.50000   110
