[LUC]

Nland = 24
LUC: /u/cergrene/Y/debry/data_prevair/ground/LUC-usgs.bin


[roughness]

# Winter.
1.	0.02	0.02	0.02	0.035	0.585	0.05	0.1
0.075	0.05	0.95	0.8	2.65	0.9	1.15	0.0001
0.02	0.02	0.04	0.03	0.03	0.03	0.03	0.01

# Spring.
1.	0.05	0.05	0.05	0.05	0.6	0.05	0.1
0.075	0.05	0.75	0.6	2.65	0.8	1.15	0.0001
0.03	0.03	0.04	0.03	0.03	0.03	0.03	0.01

# Summer.
1.	0.1	0.1	0.1	0.1	0.625	0.1	0.1
0.1	0.1	1.05	0.85	2.65	0.8	1.15	0.0001
0.03	0.03	0.04	0.03	0.03	0.03	0.03	0.01

# Fall.
1.	0.1	0.1	0.1	0.1	0.625	0.1	0.1
0.1	0.1	1.05	0.85	2.65	0.9	1.15	0.0001
0.03	0.03	0.04	0.03	0.03	0.03	0.03	0.01

# Snow.
1.	0.02	0.02	0.02	0.02	0.0585	0.02	0.1
0.06	0.02	0.55	0.55	2.65	0.9	1.15	0.0001
0.02	0.02	0.04	0.03	0.03	0.03	0.03	0.01


[small_radius]

# Winter.
10.e-5	5.e-5	5.e-5	5.e-5	5.e-5	5.e-5	5.e-5	10.e-5	7.5e-5
5.e-5	10.e-5	5.e-5	5.e-5	2.e-5	5.e-5	0.	10.e-5	10.e-5
0.	0.	0.	0.	0.	0.

# Spring.
10.e-5	2.e-5	2.e-5	2.e-5	2.e-5	3.5e-5	2.e-5	10.e-5	6.e-5
2.e-5	5.e-5	2.e-5	5.e-5	2.e-5	5.e-5	0.	10.e-5	10.e-5
0.	0.	0.	0.	0.	0.

# Summer.
10.e-5	2.e-5	2.e-5	2.e-5	2.e-5	3.5e-5	2.e-5	10.e-5	6.e-5
2.e-5	5.e-5	2.e-5	5.e-5	2.e-5	5.e-5	0.	10.e-5	10.e-5
0.	0.	0.	0.	0.	0.

# Fall.
10.e-5	2.e-5	2.e-5	2.e-5	2.e-5	3.5e-5	2.e-5	10.e-5	6.e-5
2.e-5	5.e-5	2.e-5	5.e-5	2.e-5	5.e-5	0.	10.e-5	10.e-5
0.	0.	0.	0.	0.	0.

# Snow.
10.e-5	5.e-5	5.e-5	5.e-5	5.e-5	5.e-5	5.e-5	10.e-5	7.5e-5
5.e-5	10.e-5	5.e-5	5.e-5	2.e-5	5.e-5	0.	10.e-5	10.e-5
0.	0.	0.	0.	0.	0.


[large_radius]

# Winter.
10.e-3	5.e-3	5.e-3	5.e-3	5.e-3	5.e-3	5.e-3	10.e-3	7.5e-3
5.e-3	10.e-3	5.e-3	5.e-3	2.e-3	5.e-3	0.	10.e-3	10.e-3
0.	0.	0.	0.	0.	0.

# Spring.
10.e-3	2.e-3	2.e-3	2.e-3	2.e-3	3.5e-3	2.e-3	10.e-3	6.e-3
2.e-3	5.e-3	2.e-3	5.e-3	2.e-3	5.e-3	0.	10.e-3	10.e-3
0.	0.	0.	0.	0.	0.

# Summer.
10.e-3	2.e-3	2.e-3	2.e-3	2.e-3	3.5e-3	2.e-3	10.e-3	6.e-3
2.e-3	5.e-3	2.e-3	5.e-3	2.e-3	5.e-3	0.	10.e-3	10.e-3
0.	0.	0.	0.	0.	0.

# Fall.
10.e-3	2.e-3	2.e-3	2.e-3	2.e-3	3.5e-3	2.e-3	10.e-3	6.e-3
2.e-3	5.e-3	2.e-3	5.e-3	2.e-3	5.e-3	0.	10.e-3	10.e-3
0.	0.	0.	0.	0.	0.

# Snow.
10.e-3	5.e-3	5.e-3	5.e-3	5.e-3	5.e-3	5.e-3	10.e-3	7.5e-3
5.e-3	10.e-3	5.e-3	5.e-3	2.e-3	5.e-3	0.	10.e-3	10.e-3
0.	0.	0.	0.	0.	0.


[zhang_alpha]

1.5	1.2	1.2	1.2	1.2	1.	1.2	1.3
1.25	1.2	0.8	1.1	0.6	1.	0.8	100.
2.	2.	50.	50.	50.	50.	50.	50.


[zhang_gamma]

0.56	0.54	0.54	0.54	0.54	0.55	0.54	0.54
0.54	0.54	0.56	0.56	0.58	0.56	0.56	0.50
0.54	0.54	0.54	0.54	0.54	0.54	0.54	0.54
